%=============================================================================================================================
% Result "offer_SA2_DA1_AC2_ID_28_data_". Mon Oct 24 12:21:11 CEST 2022.
%-----------------------------------------------------------------------------------------------------------------------------
% (0) time[ms] | (1) #packets last interval | (2) #packets overall | (3) overall avrg. packetsize [byte] | (4) overall sum packetsize [byte] | (5) overall offer [Mb/s] | (6) offer last interval [Mb/s]
%=============================================================================================================================
result_offer_SA2_DA1_AC2_ID_28_data_ = [
0.0	0	0	NaN	0.0	NaN	NaN
500.0	92	92	515.1847826086956	47397.0	0.758352	0.758352
1000.0	93	185	599.2150537634409	103124.0	0.824992	0.891632
1500.0	105	290	643.0285714285715	170642.0	0.9100906666666667	1.080288
2000.0	90	380	609.9777777777778	225540.0	0.90216	0.878368
2500.0	110	490	610.1727272727272	292659.0	0.9365087999999999	1.073904
3000.0	119	609	543.1932773109244	357299.0	0.9527973333333333	1.03424
3500.0	106	715	627.877358490566	423854.0	0.9688091428571428	1.06488
4000.0	106	821	640.0094339622641	491695.0	0.98339	1.085456
4500.0	106	927	535.2924528301887	548436.0	0.9749973333333334	0.9078560000000001
5000.0	104	1031	608.5192307692307	611722.0	0.9787551999999999	1.012576
5500.0	106	1137	591.8679245283018	674460.0	0.9810327272727273	1.0038079999999998
6000.0	116	1253	540.3706896551724	737143.0	0.9828573333333334	1.002928
6500.0	119	1372	581.7394957983194	806370.0	0.9924553846153845	1.107632
7000.0	101	1473	544.0297029702971	861317.0	0.9843622857142856	0.8791520000000002
7500.0	108	1581	572.3611111111111	923132.0	0.9846741333333333	0.98904
8000.0	113	1694	551.0884955752213	985405.0	0.985405	0.996368
8500.0	101	1795	609.4752475247525	1046962.0	0.985376	0.984912
9000.0	100	1895	675.88	1114550.0	0.9907111111111111	1.081408
9500.0	123	2018	622.0731707317074	1191065.0	1.003002105263158	1.22424
10000.0	96	2114	612.7708333333334	1249891.0	0.9999127999999999	0.941216
10500.0	95	2209	530.7052631578947	1300308.0	0.990710857142857	0.806672
11000.0	89	2298	619.4269662921348	1355437.0	0.9857723636363637	0.882064
11500.0	111	2409	572.1711711711712	1418948.0	0.9870942608695652	1.016176
12000.0	111	2520	585.2612612612612	1483912.0	0.9892746666666667	1.039424
12500.0	102	2622	577.7058823529412	1542838.0	0.98741632	0.9428160000000001
13000.0	103	2725	550.6213592233009	1599552.0	0.9843396923076922	0.907424
13500.0	114	2839	671.0877192982456	1676056.0	0.9932183703703703	1.224064
14000.0	129	2968	575.5193798449612	1750298.0	1.0001702857142858	1.187872
14500.0	100	3068	587.43	1809041.0	0.9980915862068965	0.9398879999999998
15000.0	90	3158	601.4111111111112	1863168.0	0.9936896000000001	0.8660320000000001
15500.0	122	3280	597.5081967213115	1936064.0	0.9992588387096775	1.166336
16000.0	108	3388	662.9537037037037	2007663.0	1.0038315	1.145584
16500.0	96	3484	636.625	2068779.0	1.0030443636363637	0.977856
17000.0	101	3585	591.0792079207921	2128478.0	1.001636705882353	0.955184
17500.0	124	3709	580.7741935483871	2200494.0	1.0059401142857143	1.152256
18000.0	102	3811	657.8333333333334	2267593.0	1.007819111111111	1.073584
18500.0	92	3903	612.8804347826087	2323978.0	1.0049634594594594	0.9021600000000001
19000.0	90	3993	632.8777777777777	2380937.0	1.0024997894736842	0.911344
19500.0	107	4100	685.7102803738318	2454308.0	1.0068955897435898	1.173936
20000.0	114	4214	599.140350877193	2522610.0	1.009044	1.092832
20500.0	116	4330	540.5172413793103	2585310.0	1.008901463414634	1.0032
21000.0	105	4435	595.7904761904762	2647868.0	1.008711619047619	1.000928
21500.0	103	4538	630.7961165048544	2712840.0	1.0094288372093023	1.039552
22000.0	116	4654	619.551724137931	2784708.0	1.012621090909091	1.149888
22500.0	113	4767	598.2654867256637	2852312.0	1.0141553777777776	1.081664
23000.0	113	4880	555.5309734513274	2915087.0	1.013943304347826	1.0044
23500.0	113	4993	656.7256637168142	2989297.0	1.0176330212765958	1.18736
24000.0	99	5092	644.1919191919192	3053072.0	1.0176906666666665	1.0204
24500.0	106	5198	555.4245283018868	3111947.0	1.0161459591836735	0.942
25000.0	100	5298	623.68	3174315.0	1.0157808000000002	0.9978879999999999
25500.0	101	5399	566.9009900990098	3231572.0	1.0138265098039216	0.9161119999999999
26000.0	95	5494	588.3473684210526	3287465.0	1.0115276923076923	0.8942879999999999
26500.0	98	5592	653.0102040816327	3351460.0	1.0117615094339623	1.02392
27000.0	115	5707	564.5565217391304	3416384.0	1.0122619259259258	1.038784
27500.0	115	5822	587.6086956521739	3483959.0	1.0135153454545454	1.0812
28000.0	99	5921	625.060606060606	3545840.0	1.013097142857143	0.9900959999999999
28500.0	104	6025	630.3365384615385	3611395.0	1.0137249122807017	1.04888
29000.0	109	6134	581.3669724770642	3674764.0	1.013728	1.013904
29500.0	107	6241	640.981308411215	3743349.0	1.0151454915254237	1.09736
30000.0	103	6344	592.0	3804325.0	1.0144866666666665	0.975616
30500.0	114	6458	663.7631578947369	3879994.0	1.0177033442622951	1.210704
31000.0	101	6559	595.8613861386139	3940176.0	1.0168196129032259	0.962912
31500.0	100	6659	704.23	4010599.0	1.0185648253968254	1.126768
32000.0	108	6767	541.2407407407408	4069053.0	1.01726325	0.935264
32500.0	98	6865	624.704081632653	4130274.0	1.0166828307692308	0.9795359999999999
33000.0	91	6956	570.9230769230769	4182228.0	1.0138734545454546	0.831264
33500.0	123	7079	537.609756097561	4248354.0	1.0145322985074625	1.058016
34000.0	81	7160	640.3456790123457	4300222.0	1.0118169411764706	0.8298880000000001
34500.0	108	7268	664.2962962962963	4371966.0	1.0137892173913043	1.147904
35000.0	93	7361	563.9032258064516	4424409.0	1.0112934857142857	0.839088
35500.0	88	7449	584.8636363636364	4475877.0	1.0086483380281692	0.823488
36000.0	103	7552	562.8737864077669	4533853.0	1.007522888888889	0.9276159999999999
36500.0	100	7652	607.11	4594564.0	1.0070277260273974	0.971376
37000.0	118	7770	585.9406779661017	4663705.0	1.0083686486486487	1.106256
37500.0	88	7858	583.0	4715009.0	1.0058685866666666	0.820864
38000.0	101	7959	537.5643564356436	4769303.0	1.0040637894736841	0.8687040000000001
38500.0	113	8072	588.929203539823	4835852.0	1.0048523636363635	1.064784
39000.0	113	8185	577.8761061946902	4901152.0	1.0053645128205126	1.0448
39500.0	103	8288	630.0291262135922	4966045.0	1.005781265822785	1.038288
40000.0	99	8387	559.7474747474747	5021460.0	1.004292	0.88664
40500.0	87	8474	586.9425287356322	5072524.0	1.001980049382716	0.817024
]; % Mon Oct 24 12:21:12 CEST 2022
