time[ms],#packets last interval,#packets overall,overall avrg. packetsize [byte],overall sum packetsize [byte],overall thrp [Mb/s],thrp last interval [Mb/s]
0.0,0,0,NaN,0.0,NaN,NaN
500.0,91,91,515.1318681318681,46877.0,0.750032,0.750032
1000.0,94,185,598.3723404255319,103124.0,0.824992,0.899952
1500.0,105,290,643.0285714285715,170642.0,0.9100906666666667,1.080288
2000.0,89,379,612.5280898876405,225157.0,0.900628,0.87224
2500.0,111,490,608.1261261261261,292659.0,0.9365087999999999,1.080032
3000.0,118,608,538.8559322033898,356244.0,0.949984,1.0173599999999998
3500.0,105,713,630.8857142857142,422487.0,0.9656845714285713,1.059888
4000.0,107,820,638.3644859813085,490792.0,0.981584,1.09288
4500.0,107,927,538.7289719626168,548436.0,0.9749973333333334,0.922304
5000.0,104,1031,608.5192307692307,611722.0,0.9787551999999999,1.012576
5500.0,106,1137,591.8679245283018,674460.0,0.9810327272727273,1.0038079999999998
6000.0,116,1253,540.3706896551724,737143.0,0.9828573333333334,1.002928
6500.0,119,1372,581.7394957983194,806370.0,0.9924553846153845,1.107632
7000.0,100,1472,541.54,860524.0,0.983456,0.866464
7500.0,109,1581,574.3853211009174,923132.0,0.9846741333333333,1.001728
8000.0,113,1694,551.0884955752213,985405.0,0.985405,0.996368
8500.0,101,1795,609.4752475247525,1046962.0,0.985376,0.984912
9000.0,98,1893,673.9591836734694,1113010.0,0.9893422222222221,1.056768
9500.0,125,2018,624.44,1191065.0,1.003002105263158,1.24888
10000.0,96,2114,612.7708333333334,1249891.0,0.9999127999999999,0.941216
10500.0,95,2209,530.7052631578947,1300308.0,0.990710857142857,0.806672
11000.0,89,2298,619.4269662921348,1355437.0,0.9857723636363637,0.882064
11500.0,111,2409,572.1711711711712,1418948.0,0.9870942608695652,1.016176
12000.0,111,2520,585.2612612612612,1483912.0,0.9892746666666667,1.039424
12500.0,102,2622,577.7058823529412,1542838.0,0.98741632,0.9428160000000001
13000.0,103,2725,550.6213592233009,1599552.0,0.9843396923076922,0.907424
13500.0,114,2839,671.0877192982456,1676056.0,0.9932183703703703,1.224064
14000.0,129,2968,575.5193798449612,1750298.0,1.0001702857142858,1.187872
14500.0,100,3068,587.43,1809041.0,0.9980915862068965,0.9398879999999998
15000.0,90,3158,601.4111111111112,1863168.0,0.9936896000000001,0.8660320000000001
15500.0,122,3280,597.5081967213115,1936064.0,0.9992588387096775,1.166336
16000.0,106,3386,658.7169811320755,2005888.0,1.002944,1.117184
16500.0,98,3484,641.7448979591836,2068779.0,1.0030443636363637,1.0062559999999998
17000.0,101,3585,591.0792079207921,2128478.0,1.001636705882353,0.955184
17500.0,124,3709,580.7741935483871,2200494.0,1.0059401142857143,1.152256
18000.0,101,3810,656.8316831683169,2266834.0,1.0074817777777778,1.06144
18500.0,93,3903,614.4516129032259,2323978.0,1.0049634594594594,0.9143040000000001
19000.0,90,3993,632.8777777777777,2380937.0,1.0024997894736842,0.911344
19500.0,106,4099,682.9528301886793,2453330.0,1.006494358974359,1.158288
20000.0,113,4212,597.3451327433628,2520830.0,1.008332,1.08
20500.0,118,4330,546.4406779661017,2585310.0,1.008901463414634,1.03168
21000.0,105,4435,595.7904761904762,2647868.0,1.008711619047619,1.000928
21500.0,103,4538,630.7961165048544,2712840.0,1.0094288372093023,1.039552
22000.0,116,4654,619.551724137931,2784708.0,1.012621090909091,1.149888
22500.0,113,4767,598.2654867256637,2852312.0,1.0141553777777776,1.081664
23000.0,113,4880,555.5309734513274,2915087.0,1.013943304347826,1.0044
23500.0,113,4993,656.7256637168142,2989297.0,1.0176330212765958,1.18736
24000.0,97,5090,642.979381443299,3051666.0,1.017222,0.997904
24500.0,108,5198,558.1574074074074,3111947.0,1.0161459591836735,0.964496
25000.0,100,5298,623.68,3174315.0,1.0157808000000002,0.9978879999999999
25500.0,101,5399,566.9009900990098,3231572.0,1.0138265098039216,0.9161119999999999
26000.0,95,5494,588.3473684210526,3287465.0,1.0115276923076923,0.8942879999999999
26500.0,97,5591,651.6082474226804,3350671.0,1.011523320754717,1.011296
27000.0,115,5706,566.895652173913,3415864.0,1.0121078518518518,1.043088
27500.0,116,5822,587.0258620689655,3483959.0,1.0135153454545454,1.08952
28000.0,99,5921,625.060606060606,3545840.0,1.013097142857143,0.9900959999999999
28500.0,104,6025,630.3365384615385,3611395.0,1.0137249122807017,1.04888
29000.0,108,6133,578.3703703703703,3673859.0,1.0134783448275861,0.9994239999999999
29500.0,108,6241,643.425925925926,3743349.0,1.0151454915254237,1.11184
30000.0,103,6344,592.0,3804325.0,1.0144866666666665,0.975616
30500.0,114,6458,663.7631578947369,3879994.0,1.0177033442622951,1.210704
31000.0,101,6559,595.8613861386139,3940176.0,1.0168196129032259,0.962912
31500.0,100,6659,704.23,4010599.0,1.0185648253968254,1.126768
32000.0,108,6767,541.2407407407408,4069053.0,1.01726325,0.935264
32500.0,98,6865,624.704081632653,4130274.0,1.0166828307692308,0.9795359999999999
33000.0,91,6956,570.9230769230769,4182228.0,1.0138734545454546,0.831264
33500.0,123,7079,537.609756097561,4248354.0,1.0145322985074625,1.058016
34000.0,81,7160,640.3456790123457,4300222.0,1.0118169411764706,0.8298880000000001
34500.0,108,7268,664.2962962962963,4371966.0,1.0137892173913043,1.147904
35000.0,93,7361,563.9032258064516,4424409.0,1.0112934857142857,0.839088
35500.0,88,7449,584.8636363636364,4475877.0,1.0086483380281692,0.823488
36000.0,103,7552,562.8737864077669,4533853.0,1.007522888888889,0.9276159999999999
36500.0,100,7652,607.11,4594564.0,1.0070277260273974,0.971376
37000.0,117,7769,589.5811965811965,4663545.0,1.0083340540540542,1.103696
37500.0,89,7858,578.2471910112359,4715009.0,1.0058685866666666,0.823424
38000.0,100,7958,542.07,4769216.0,1.0040454736842104,0.8673120000000001
38500.0,114,8072,584.5263157894736,4835852.0,1.0048523636363635,1.066176
39000.0,113,8185,577.8761061946902,4901152.0,1.0053645128205126,1.0448
39500.0,103,8288,630.0291262135922,4966045.0,1.005781265822785,1.038288
40000.0,99,8387,559.7474747474747,5021460.0,1.004292,0.88664
40500.0,87,8474,586.9425287356322,5072524.0,1.001980049382716,0.817024
