time[ms],#packets last interval,#packets overall,overall avrg. packetsize [byte],overall sum packetsize [byte],overall thrp [Mb/s],thrp last interval [Mb/s]
0.0,0,0,NaN,0.0,NaN,NaN
500.0,1293,1293,59.092807424593964,76407.0,1.222512,1.222512
1000.0,1304,2597,60.73389570552147,155604.0,1.244832,1.267152
1500.0,1288,3885,59.78183229813665,232603.0,1.2405493333333335,1.231984
2000.0,1315,5200,60.34752851711026,311960.0,1.24784,1.269712
2500.0,1313,6513,60.11728865194212,390894.0,1.2508607999999999,1.262944
3000.0,1318,7831,59.15705614567526,468863.0,1.2503013333333333,1.247504
3500.0,1325,9156,59.055849056603776,547112.0,1.2505417142857143,1.251984
4000.0,1322,10478,59.377458396369136,625609.0,1.251218,1.255952
4500.0,1308,11786,61.2454128440367,705718.0,1.2546097777777778,1.281744
5000.0,1305,13091,58.46283524904214,782012.0,1.2512192,1.220704
5500.0,1333,14424,59.925731432858214,861893.0,1.2536625454545454,1.278096
6000.0,1283,15707,59.267342166796574,937933.0,1.2505773333333334,1.21664
6500.0,1325,17032,58.97811320754717,1016079.0,1.2505587692307691,1.250336
7000.0,1298,18330,59.65100154083205,1093506.0,1.2497211428571429,1.238832
7500.0,1327,19657,58.45968349660889,1171082.0,1.2491541333333334,1.241216
8000.0,1311,20968,58.8421052631579,1248224.0,1.248224,1.234272
8500.0,1322,22290,59.056732223903175,1326297.0,1.2482795294117648,1.249168
9000.0,1296,23586,58.64429012345679,1402300.0,1.2464888888888888,1.216048
9500.0,1300,24886,59.55615384615385,1479723.0,1.2460825263157895,1.238768
10000.0,1344,26230,58.357886904761905,1558156.0,1.2465247999999998,1.254928
10500.0,1319,27549,60.26686884003033,1637648.0,1.2477318095238095,1.271872
11000.0,1293,28842,58.51121423047177,1713303.0,1.2460385454545457,1.21048
11500.0,1302,30144,58.583717357910906,1789579.0,1.2449245217391303,1.220416
12000.0,1313,31457,60.20563594821021,1868629.0,1.2457526666666667,1.2648
12500.0,1314,32771,60.34855403348554,1947927.0,1.24667328,1.268768
13000.0,1299,34070,58.6058506543495,2024056.0,1.2455729230769232,1.218064
13500.0,1318,35388,58.758725341426405,2101500.0,1.2453333333333332,1.239104
14000.0,1290,36678,60.39457364341085,2179409.0,1.2453765714285714,1.246544
14500.0,1284,37962,59.90732087227414,2256330.0,1.2448717241379312,1.230736
15000.0,1313,39275,60.406702208682404,2335644.0,1.2456768,1.269024
15500.0,1323,40598,59.58352229780801,2414473.0,1.2461796129032259,1.261264
16000.0,1330,41928,59.83684210526316,2494056.0,1.247028,1.273328
16500.0,1312,43240,59.37271341463415,2571953.0,1.2470075151515152,1.246352
17000.0,1313,44553,61.02970297029703,2652085.0,1.24804,1.282112
17500.0,1294,45847,59.520092735703244,2729104.0,1.2475904000000002,1.232304
18000.0,1327,47174,59.61718161266013,2808216.0,1.248096,1.265792
18500.0,1296,48470,59.75308641975309,2885656.0,1.2478512432432434,1.23904
19000.0,1317,49787,59.25588458618071,2963696.0,1.247872,1.24864
19500.0,1312,51099,58.59908536585366,3040578.0,1.2474166153846156,1.230112
20000.0,1316,52415,60.27963525835866,3119906.0,1.2479623999999998,1.269248
20500.0,1301,53716,60.28747117601845,3198340.0,1.2481326829268293,1.254944
21000.0,1286,55002,59.846034214618975,3275302.0,1.2477340952380953,1.231392
21500.0,1319,56321,60.21758908263836,3354729.0,1.2482712558139535,1.270832
22000.0,1300,57621,59.73384615384615,3432383.0,1.2481392727272727,1.242464
22500.0,1295,58916,60.714285714285715,3511008.0,1.2483584,1.258
23000.0,1286,60202,58.969673405909795,3586843.0,1.2475975652173914,1.21336
23500.0,1320,61522,59.20757575757576,3664997.0,1.2476585531914892,1.250464
24000.0,1308,62830,58.69648318042813,3741772.0,1.2472573333333332,1.2284
24500.0,1293,64123,59.91337973704563,3819240.0,1.2470987755102043,1.239488
25000.0,1307,65430,59.0504973221117,3896419.0,1.24685408,1.234864
25500.0,1297,66727,60.658442559753276,3975093.0,1.247088,1.258784
26000.0,1316,68043,59.984042553191486,4054032.0,1.2473944615384616,1.263024
26500.0,1281,69324,59.57377049180328,4130346.0,1.2468969056603774,1.221024
27000.0,1314,70638,59.91704718417047,4209077.0,1.2471339259259258,1.259696
27500.0,1281,71919,60.7111631537861,4286848.0,1.2470830545454548,1.244336
28000.0,1304,73223,61.127300613496935,4366558.0,1.247588,1.27536
28500.0,1300,74523,59.745384615384616,4444227.0,1.2475023157894738,1.242704
29000.0,1299,75822,59.905311778290994,4522044.0,1.2474604137931036,1.245072
29500.0,1317,77139,58.29309035687168,4598816.0,1.2471365423728815,1.228352
30000.0,1315,78454,59.92243346007604,4677614.0,1.2473637333333334,1.260768
30500.0,1317,79771,57.26955201214882,4753038.0,1.2466984918032786,1.206784
31000.0,1304,81075,59.38036809815951,4830470.0,1.2465729032258064,1.238912
31500.0,1317,82392,57.862566438876236,4906675.0,1.2461396825396827,1.21928
32000.0,1296,83688,59.74691358024691,4984107.0,1.24602675,1.238912
32500.0,1291,84979,59.73818745158792,5061229.0,1.2458409846153846,1.233952
33000.0,1321,86300,59.09916729750189,5139299.0,1.2458906666666667,1.24912
33500.0,1323,87623,60.14134542705971,5218866.0,1.2462963582089552,1.273072
34000.0,1292,88915,59.78173374613003,5296104.0,1.2461421176470588,1.235808
34500.0,1295,90210,59.29034749034749,5372885.0,1.245886376811594,1.228496
35000.0,1331,91541,59.27197595792637,5451776.0,1.2461202285714283,1.262256
35500.0,1312,92853,58.63414634146341,5528704.0,1.2459051267605634,1.230848
36000.0,1301,94154,60.1837048424289,5607003.0,1.2460006666666665,1.252784
36500.0,1295,95449,60.605405405405406,5685487.0,1.2461341369863015,1.255744
37000.0,1328,96777,58.75677710843374,5763516.0,1.2461656216216215,1.248464
37500.0,1313,98090,59.02894135567403,5841021.0,1.24608448,1.24008
38000.0,1282,99372,59.26053042121685,5916993.0,1.245682736842105,1.215552
38500.0,1327,100699,59.565184626978144,5996036.0,1.2459295584415584,1.264688
39000.0,1322,102021,60.47730711043873,6075987.0,1.2463563076923074,1.279216
39500.0,1303,103324,59.34382194934766,6153312.0,1.2462404050632911,1.2372
40000.0,1294,104618,60.6483771251932,6231791.0,1.2463582,1.255664
40500.0,1339,105957,59.41150112023898,6311343.0,1.246685037037037,1.272832
