%=============================================================================================================================
% Result "offer_SA4_DA1_AC2_ID_145_data_". Wed Oct 05 12:27:06 CEST 2022.
%-----------------------------------------------------------------------------------------------------------------------------
% (0) time[ms] | (1) #packets last interval | (2) #packets overall | (3) overall avrg. packetsize [byte] | (4) overall sum packetsize [byte] | (5) overall offer [Mb/s] | (6) offer last interval [Mb/s]
%=============================================================================================================================
result_offer_SA4_DA1_AC2_ID_145_data_ = [
0.0	0	0	NaN	0.0	NaN	NaN
400.0	108	108	1090.0555555555557	117726.0	2.35452	2.3545200000000004
800.0	107	215	839.6728971962617	207571.0	2.07571	1.7969
1200.0	109	324	975.348623853211	313884.0	2.09256	2.1262600000000003
1600.0	100	424	958.21	409705.0	2.048525	1.91642
2000.0	100	524	987.62	508467.0	2.033868	1.97524
2400.0	108	632	999.1203703703703	616372.0	2.0545733333333334	2.1581
2800.0	123	755	1034.0487804878048	743560.0	2.124457142857143	2.54376
3200.0	120	875	885.35	849802.0	2.124505	2.12484
3600.0	112	987	1003.3839285714286	962181.0	2.13818	2.24758
4000.0	105	1092	994.7047619047619	1066625.0	2.13325	2.08888
4400.0	119	1211	975.9747899159664	1182766.0	2.1504836363636364	2.32282
4800.0	119	1330	980.2016806722689	1299410.0	2.1656833333333334	2.33288
5200.0	122	1452	1078.4344262295083	1430979.0	2.2015061538461533	2.63138
5600.0	113	1565	973.3274336283185	1540965.0	2.201378571428571	2.19972
6000.0	106	1671	1010.933962264151	1648124.0	2.197498666666667	2.14318
6400.0	115	1786	1131.1478260869565	1778206.0	2.2227575	2.6016399999999997
6800.0	111	1897	1001.6216216216217	1889386.0	2.2228070588235296	2.2236000000000002
7200.0	99	1996	874.2929292929293	1975941.0	2.19549	1.7311
7600.0	98	2094	1012.0612244897959	2075123.0	2.18434	1.98364
8000.0	109	2203	922.7064220183486	2175698.0	2.175698	2.0115
8400.0	105	2308	919.0190476190476	2272195.0	2.1639952380952385	1.92994
8800.0	105	2413	1098.5904761904762	2387547.0	2.1704972727272724	2.3070399999999998
9200.0	99	2512	952.8686868686868	2481881.0	2.158157391304348	1.8866800000000001
9600.0	100	2612	985.94	2580475.0	2.1503958333333335	1.97188
10000.0	109	2721	1028.091743119266	2692537.0	2.1540295999999994	2.24124
10400.0	103	2824	1031.2718446601941	2798758.0	2.1528907692307695	2.1244199999999998
10800.0	116	2940	1032.0431034482758	2918475.0	2.1618333333333335	2.39434
11200.0	110	3050	948.4454545454546	3022804.0	2.1591457142857147	2.08658
11600.0	118	3168	1099.4322033898304	3152537.0	2.1741634482758623	2.5946599999999997
12000.0	101	3269	1069.4851485148515	3260555.0	2.1737033333333335	2.16036
12400.0	89	3358	995.1910112359551	3349127.0	2.1607270967741936	1.77144
12800.0	107	3465	1024.252336448598	3458722.0	2.16170125	2.1918999999999995
13200.0	92	3557	948.1521739130435	3545952.0	2.1490618181818184	1.7446000000000002
13600.0	130	3687	966.0384615384615	3671537.0	2.1597276470588236	2.5117000000000003
14000.0	84	3771	972.8928571428571	3753260.0	2.14472	1.63446
14400.0	114	3885	1075.4649122807018	3875863.0	2.153257222222222	2.45206
14800.0	111	3996	1003.0540540540541	3987202.0	2.1552443243243244	2.2267799999999998
15200.0	107	4103	944.0560747663551	4088216.0	2.1516926315789475	2.02028
15600.0	128	4231	1095.2578125	4228409.0	2.168414871794872	2.8038600000000002
16000.0	106	4337	1093.311320754717	4344300.0	2.17215	2.3178199999999998
16400.0	116	4453	1031.896551724138	4464000.0	2.1775609756097563	2.394
16800.0	124	4577	988.1370967741935	4586529.0	2.184061428571429	2.45058
17200.0	114	4691	1028.201754385965	4703744.0	2.187787906976744	2.3443
17600.0	107	4798	1062.1495327102805	4817394.0	2.1897245454545455	2.273
18000.0	116	4914	1017.0	4935366.0	2.193496	2.3594399999999998
18400.0	107	5021	984.7850467289719	5040738.0	2.1916252173913042	2.10744
18800.0	103	5124	946.7184466019418	5138250.0	2.1864893617021273	1.95024
19200.0	113	5237	1050.1681415929204	5256919.0	2.1903829166666666	2.37338
19600.0	119	5356	1026.0252100840337	5379016.0	2.1955167346938773	2.44194
20000.0	106	5462	941.7169811320755	5478838.0	2.1915351999999997	1.9964399999999998
20400.0	97	5559	940.2164948453608	5570039.0	2.1843290196078433	1.82402
20800.0	110	5669	1007.3818181818182	5680851.0	2.184942692307692	2.21624
21200.0	118	5787	980.9745762711865	5796606.0	2.1873984905660375	2.3151
21600.0	110	5897	1014.1181818181818	5908159.0	2.188207037037037	2.23106
22000.0	106	6003	1060.7264150943397	6020596.0	2.1893076363636363	2.24874
22400.0	91	6094	1045.0	6115691.0	2.1841753571428573	1.9019
22800.0	107	6201	997.803738317757	6222456.0	2.1833178947368417	2.1353
23200.0	105	6306	1059.7714285714285	6333732.0	2.1840455172413793	2.2255199999999995
23600.0	111	6417	1011.936936936937	6446057.0	2.1851040677966105	2.2464999999999997
24000.0	108	6525	1074.1296296296296	6562063.0	2.187354333333333	2.32012
24400.0	121	6646	1026.2644628099174	6686241.0	2.1922101639344262	2.4835599999999998
24800.0	96	6742	953.21875	6777750.0	2.1863709677419356	1.83018
25200.0	117	6859	1001.5042735042736	6894926.0	2.1888653968253964	2.34352
25600.0	105	6964	1004.6285714285714	7000412.0	2.18762875	2.10972
26000.0	93	7057	903.8602150537635	7084471.0	2.1798372307692304	1.68118
26400.0	95	7152	1013.6105263157895	7180764.0	2.175989090909091	1.9258600000000001
26800.0	101	7253	1025.5544554455446	7284345.0	2.1744313432835822	2.0716200000000002
27200.0	130	7383	953.5461538461539	7408306.0	2.1789135294117643	2.47922
27600.0	112	7495	1025.9732142857142	7523215.0	2.1806420289855075	2.29818
28000.0	116	7611	950.8879310344828	7633518.0	2.181005142857143	2.20606
28400.0	111	7722	1017.0540540540541	7746411.0	2.1820876056338028	2.25786
28800.0	114	7836	1002.078947368421	7860648.0	2.1835133333333334	2.28474
29200.0	87	7923	957.528735632184	7943953.0	2.176425479452055	1.6661000000000001
29600.0	101	8024	1081.1980198019803	8053154.0	2.176528108108108	2.1840200000000003
30000.0	120	8144	987.425	8171645.0	2.1791053333333337	2.36982
30400.0	109	8253	1097.8073394495414	8291306.0	2.1819226315789475	2.3932200000000003
30800.0	116	8369	924.0603448275862	8398497.0	2.1814277922077925	2.14382
31200.0	102	8471	1066.3529411764705	8507265.0	2.18135	2.17536
31600.0	115	8586	1020.8086956521739	8624658.0	2.1834577215189874	2.34786
32000.0	113	8699	1045.2300884955753	8742769.0	2.18569225	2.3622199999999998
32400.0	113	8812	1036.6194690265486	8859907.0	2.1876313580246918	2.3427599999999997
32800.0	121	8933	1060.0247933884298	8988170.0	2.1922365853658534	2.56526
33200.0	117	9050	971.4102564102565	9101825.0	2.193210843373494	2.2731000000000003
33600.0	114	9164	1055.0438596491229	9222100.0	2.1957380952380956	2.4055
34000.0	115	9279	929.1391304347826	9328951.0	2.1950472941176473	2.13702
34400.0	107	9386	925.1775700934579	9427945.0	2.192545348837209	1.97988
34800.0	134	9520	1000.5149253731344	9562014.0	2.1981641379310344	2.68138
35200.0	104	9624	926.5673076923077	9658377.0	2.195085681818182	1.92726
35600.0	107	9731	920.0	9756817.0	2.1925431460674156	1.9687999999999999
36000.0	87	9818	1122.3563218390805	9854462.0	2.1898804444444444	1.9528999999999999
36400.0	100	9918	984.26	9952888.0	2.187447912087912	1.96852
36800.0	108	10026	969.7962962962963	1.0057626E7	2.1864404347826087	2.09476
37200.0	102	10128	1084.7058823529412	1.0168266E7	2.1867238709677417	2.2128
37600.0	96	10224	855.71875	1.0250415E7	2.1809393617021278	1.64298
38000.0	112	10336	1051.5535714285713	1.0368189E7	2.1827766315789474	2.35548
38400.0	100	10436	994.54	1.0467643E7	2.1807589583333336	1.98908
38800.0	115	10551	1050.1391304347826	1.0588409E7	2.183177113402062	2.41532
39200.0	81	10632	990.8148148148148	1.0668665E7	2.1772785714285714	1.6051199999999999
39600.0	115	10747	1054.895652173913	1.0789978E7	2.1797935353535354	2.42626
