time[ms],#packets last interval,#packets overall,overall avrg. packetsize [byte],overall sum packetsize [byte],overall offer [Mb/s],offer last interval [Mb/s]
0.0,0,0,NaN,0.0,NaN,NaN
400.0,2898,2898,981.576259489303,2844608.0,56.89216,56.892160000000004
800.0,2918,5816,1020.098355037697,5821255.0,58.21255,59.532939999999996
1200.0,2811,8627,999.4169334756315,8630616.0,57.53744,56.187219999999996
1600.0,2815,11442,993.1303730017762,1.1426278E7,57.13139,55.91324
2000.0,2789,14231,994.8985299390463,1.420105E7,56.8042,55.49544
2400.0,2925,17156,1005.0625641025641,1.7140858E7,57.13619333333334,58.79616
2800.0,2859,20015,1022.0209863588667,2.0062816E7,57.32233142857143,58.43916
3200.0,2861,22876,985.7546312478155,2.288306E7,57.20765,56.404880000000006
3600.0,2809,25685,999.9818440726237,2.5692009E7,57.09335333333333,56.17898
4000.0,2918,28603,1010.1737491432488,2.8639696E7,57.279392,58.95374
4400.0,2895,31498,990.308462867012,3.1506639E7,57.28479818181818,57.33886
4800.0,2906,34404,1001.1613902271163,3.4416014E7,57.36002333333333,58.1875
5200.0,2852,37256,1011.1427068723702,3.7299793E7,57.38429692307692,57.675580000000004
5600.0,2829,40085,1000.5008837044892,4.013021E7,57.32887142857143,56.608340000000005
6000.0,2800,42885,1007.7525,4.2951917E7,57.26922266666667,56.43414
6400.0,2877,45762,992.0580465762947,4.5806068E7,57.257585,57.08302
6800.0,2866,48628,995.7110956036288,4.8659776E7,57.246795294117646,57.074160000000006
7200.0,2882,51510,1005.6904927133935,5.1558176E7,57.286862222222226,57.968
7600.0,2839,54349,995.51954913702,5.4384456E7,57.24679578947368,56.525600000000004
8000.0,2836,57185,994.4495768688294,5.7204715E7,57.204715,56.40518
8400.0,2805,59990,999.2887700534759,6.000772E7,57.15020952380952,56.060100000000006
8800.0,2832,62822,984.9466807909605,6.2797089E7,57.08826272727273,55.787380000000006
9200.0,2871,65693,998.818530128875,6.5664697E7,57.099736521739125,57.352160000000005
9600.0,2871,68564,1004.1354928596307,6.854757E7,57.122975,57.65746
10000.0,2878,71442,1012.7703266157054,7.1462323E7,57.169858399999995,58.29506000000001
10400.0,2846,74288,1015.6756851721715,7.4352936E7,57.19456615384616,57.81226
10800.0,2842,77130,994.6023926812104,7.7179596E7,57.17007111111111,56.5332
11200.0,2772,79902,1010.6789321789322,7.9981198E7,57.12942714285714,56.032039999999995
11600.0,2816,82718,982.7144886363636,8.2748522E7,57.06794620689655,55.34648
12000.0,2845,85563,992.9581722319859,8.5573488E7,57.048992,56.49932
12400.0,2833,88396,1003.5284151076597,8.8416484E7,57.04289290322581,56.859919999999995
12800.0,2870,91266,997.2174216027875,9.1278498E7,57.04906125,57.24028
13200.0,2881,94147,1025.459562651857,9.4232847E7,57.11081636363636,59.086980000000004
13600.0,2801,96948,996.5465905033916,9.7024174E7,57.07304352941176,55.826539999999994
14000.0,2849,99797,990.98946998947,9.9847503E7,57.055716,56.46658000000001
14400.0,2811,102608,996.26004980434,1.0264799E8,57.02666111111111,56.00974
14800.0,2913,105521,996.16271884655,1.05549812E8,57.053952432432425,58.03644
15200.0,2937,108458,1003.702757916241,1.08497687E8,57.10404578947368,58.957499999999996
15600.0,2901,111359,997.015856601172,1.1139003E8,57.1230923076923,57.84686
16000.0,2835,114194,978.2324514991182,1.14163319E8,57.0816595,55.46578
16400.0,2805,116999,997.1361853832442,1.16960286E8,57.053798048780486,55.93934
16800.0,2815,119814,986.9801065719361,1.19738635E8,57.01839761904762,55.56698
17200.0,2921,122735,996.2889421431016,1.22648795E8,57.0459511627907,58.203199999999995
17600.0,2778,125513,992.5925125989921,1.25406217E8,57.002825909090916,55.14844
18000.0,2892,128405,1014.2406639004149,1.28339401E8,57.039733777777776,58.66368
18400.0,2823,131228,993.9465108041092,1.31145312E8,57.01970086956522,56.11822
18800.0,2941,134169,988.253315198912,1.34051765E8,57.04330425531915,58.129059999999996
19200.0,2862,137031,975.4283717679945,1.36843441E8,57.01810041666667,55.83351999999999
19600.0,2890,139921,996.6089965397924,1.39723641E8,57.030057551020406,57.604
20000.0,2891,142812,994.3953649256313,1.42598438E8,57.0393752,57.495940000000004
20400.0,2835,145647,1013.8225749559083,1.45472625E8,57.04808823529412,57.48374
20800.0,2870,148517,999.1947735191637,1.48340314E8,57.05396692307692,57.35378
21200.0,2939,151456,980.9567880231372,1.51223346E8,57.06541358490566,57.66064
21600.0,2832,154288,999.9357344632768,1.54055164E8,57.057468148148146,56.63636
22000.0,2805,157093,1004.0545454545454,1.56871537E8,57.04419527272727,56.32746
22400.0,2874,159967,984.2783576896312,1.59700353E8,57.03584035714286,56.57632
22800.0,2861,162828,995.650821391122,1.6254891E8,57.03470526315789,56.97114
23200.0,2916,165744,1025.7400548696844,1.65539968E8,57.0827475862069,59.821159999999985
23600.0,2779,168523,993.0413817920115,1.6829963E8,57.0507220338983,55.19324
24000.0,2795,171318,984.5742397137745,1.71051515E8,57.01717166666667,55.0377
24400.0,2861,174179,1017.5012233484796,1.73962586E8,57.036913442622954,58.22142
24800.0,2824,177003,980.2691218130311,1.76730866E8,57.00995677419355,55.3656
25200.0,2845,179848,991.5202108963093,1.79551741E8,57.000552698412704,56.417500000000004
25600.0,2794,182642,993.2444523979957,1.82326866E8,56.977145625,55.5025
26000.0,2834,185476,1005.1206774876499,1.85175378E8,56.97703938461538,56.97024
26400.0,2836,188312,983.265514809591,1.87963919E8,56.95876333333334,55.77082
26800.0,2882,191194,1027.028452463567,1.90923815E8,56.99218358208955,59.19792
27200.0,2930,194124,980.0778156996587,1.93795443E8,56.99865970588235,57.432559999999995
27600.0,2956,197080,982.8234100135318,1.96700669E8,57.01468666666667,58.104519999999994
28000.0,2831,199911,1005.9985870717061,1.99548651E8,57.013900285714286,56.95964
28400.0,2871,202782,1023.8331591779868,2.02488076E8,57.038894647887325,58.7885
28800.0,2860,205642,994.5835664335665,2.05332585E8,57.03682916666667,56.89018
29200.0,2889,208531,1000.730010384216,2.08223694E8,57.04758739726027,57.82218
29600.0,2808,211339,1007.5612535612536,2.11052926E8,57.04133135135135,56.58464000000001
30000.0,2887,214226,1004.2317284378247,2.13952143E8,57.0539048,57.98434
30400.0,2787,217013,993.6419088625762,2.16721423E8,57.031953421052634,55.385600000000004
30800.0,2803,219816,994.7160185515519,2.19509612E8,57.01548363636363,55.76378
31200.0,2863,222679,1011.8044009779951,2.22406408E8,57.0272841025641,57.93592
31600.0,2833,225512,999.3875750088246,2.25237673E8,57.02219569620253,56.6253
32000.0,2854,228366,1016.5777855641205,2.28138986E8,57.0347465,58.02626
32400.0,2877,231243,978.7163712200208,2.30954753E8,57.0258649382716,56.315340000000006
32800.0,2867,234110,1000.2427624694803,2.33822449E8,57.029865609756094,57.35392
33200.0,2903,237013,1008.063382707544,2.36748857E8,57.04791734939759,58.52816
33600.0,2913,239926,999.5880535530381,2.39660657E8,57.062061190476186,58.236
34000.0,2842,242768,995.2543983110486,2.4248917E8,57.05627529411765,56.570260000000005
34400.0,2837,245605,981.866055692633,2.45274724E8,57.040633488372094,55.711079999999995
34800.0,2886,248491,1000.2252252252252,2.48161374E8,57.048591724137935,57.733
35200.0,2864,251355,1015.6805167597765,2.51070283E8,57.06142795454545,58.17818
35600.0,2890,254245,998.4453287197232,2.5395579E8,57.06871685393259,57.71014
36000.0,2872,257117,993.5146239554317,2.56809164E8,57.06870311111111,57.06748
36400.0,2817,259934,995.874334398296,2.59614542E8,57.0581410989011,56.10756000000001
36800.0,2840,262774,1029.1359154929578,2.62537288E8,57.07332347826087,58.45492
37200.0,2764,265538,998.1237337192474,2.65296102E8,57.052925161290325,55.176280000000006
37600.0,2827,268365,1001.2529182879377,2.68126644E8,57.04822212765957,56.610839999999996
38000.0,2849,271214,986.2246402246402,2.70936398E8,57.03924168421052,56.19508
38400.0,2874,274088,1005.5177453027139,2.73826256E8,57.04713666666667,57.79716
38800.0,2898,276986,990.8298826777087,2.76697681E8,57.05106824742268,57.4285
39200.0,2905,279891,1009.9865748709122,2.79631692E8,57.06769224489796,58.68022
39600.0,2787,282678,991.9235737351992,2.82396183E8,57.04973393939394,55.28982
40000.0,2827,285505,998.8998938804386,2.85220073E8,57.044014600000004,56.4778
40400.0,2756,288261,1013.3893323657475,2.88012974E8,57.03227207920792,55.85802
40800.0,2829,291090,995.2265818310357,2.9082847E8,57.02519019607843,56.30992
41200.0,2694,293784,1013.993689680772,2.93560169E8,57.00197456310679,54.633979999999994
41600.0,2834,296618,1020.0871559633027,2.96451096E8,57.00982615384615,57.81854
42000.0,2807,299425,997.8204488778055,2.99251978E8,57.00037676190476,56.01764
42400.0,2854,302279,1006.4880868955852,3.02124495E8,57.00462169811321,57.450340000000004
42800.0,2877,305156,1018.2902328814738,3.05054116E8,57.01946093457944,58.592420000000004
43200.0,2839,307995,992.4815075730891,3.07871771E8,57.01329092592592,56.3531
43600.0,2844,310839,995.7756680731364,3.10703757E8,57.00986366972477,56.639720000000004
44000.0,2869,313708,990.5824329034507,3.13545738E8,57.008316,56.839620000000004
44400.0,2827,316535,1003.6243367527414,3.16382984E8,57.005943063063064,56.74492
44800.0,2811,319346,1013.2493774457488,3.19231228E8,57.00557642857143,56.96488000000001
45200.0,2799,322145,1004.8267238299393,3.22043738E8,56.998891681415934,56.2502
45600.0,2848,324993,998.462429775281,3.24887359E8,56.99778228070175,56.872420000000005
46000.0,2869,327862,1020.2833739979087,3.27814552E8,57.01122643478261,58.543859999999995
46400.0,2892,330754,1013.4626556016598,3.30745486E8,57.02508379310345,58.618680000000005
46800.0,2925,333679,992.7593162393163,3.33649307E8,57.03406957264958,58.076420000000006
47200.0,2858,336537,988.537088873338,3.36474546E8,57.02958406779661,56.50478
47600.0,2862,339399,998.7931516422083,3.39333092E8,57.03077176470588,57.17092
48000.0,2854,342253,1018.2659425367905,3.42239223E8,57.0398705,58.12262
48400.0,2712,344965,992.4786135693215,3.44930825E8,57.01335950413223,53.83204
48800.0,2784,347749,989.9658764367816,3.4768689E8,56.99785081967213,55.1213
49200.0,2767,350516,1012.2226237802674,3.5048771E8,56.98987154471545,56.0164
49600.0,2813,353329,999.8666903661572,3.53300335E8,56.983925,56.252500000000005
50000.0,2865,356194,995.848167539267,3.5615344E8,56.984550399999996,57.062099999999994
50400.0,2821,359015,981.9322935129387,3.58923471E8,56.97197952380952,55.400619999999996
50800.0,2794,361809,1000.2215461703651,3.6171809E8,56.96347874015748,55.89238
51200.0,2860,364669,1011.9181818181818,3.64612176E8,56.9706525,57.88172
51600.0,2809,367478,1014.9323602705589,3.67463121E8,56.971026511627905,57.018899999999995
52000.0,2914,370392,991.018874399451,3.7035095E8,56.97706923076923,57.75658
52400.0,2829,373221,979.813361611877,3.73122842E8,56.96531938931298,55.437839999999994
52800.0,2748,375969,996.6633915574963,3.75861673E8,56.94873833333334,54.776619999999994
53200.0,2901,378870,1018.8645294725957,3.78817399E8,56.96502240601504,59.11452
53600.0,2833,381703,973.5414754677021,3.81575442E8,56.951558507462686,55.16086
54000.0,2878,384581,1017.3658790826963,3.84503421E8,56.963469777777775,58.559580000000004
54400.0,2851,387432,1006.3349701858997,3.87372482E8,56.96654147058824,57.38122
54800.0,2780,390212,985.1723021582734,3.90111261E8,56.95054905109489,54.775580000000005
55200.0,2919,393131,1004.043165467626,3.93042063E8,56.962617826086955,58.61604
55600.0,2898,396029,989.8816425120773,3.9591074E8,56.96557410071942,57.37354
56000.0,2854,398883,1014.6075683251577,3.9880643E8,56.97234714285714,57.9138
56400.0,2968,401851,1012.7294474393531,4.01812211E8,56.99463985815603,60.11561999999999
56800.0,2782,404633,990.2735442127965,4.04567152E8,56.9812890140845,55.09882
57200.0,2749,407382,985.429974536195,4.07276099E8,56.96169216783217,54.178940000000004
57600.0,2784,410166,1015.5513649425287,4.10103394E8,56.958804722222226,56.545899999999996
58000.0,2855,413021,994.7190893169877,4.12943317E8,56.95769889655172,56.798460000000006
58400.0,2826,415847,987.8821656050956,4.15735072E8,56.9500098630137,55.835100000000004
58800.0,2745,418592,995.4936247723133,4.18467702E8,56.93438122448979,54.6526
59200.0,2889,421481,1000.0318449290412,4.21356794E8,56.940107297297295,57.78184
59600.0,2877,424358,1002.0132082029892,4.24239586E8,56.94491087248321,57.65584
60000.0,2767,427125,1012.753162269606,4.27041874E8,56.93891653333334,56.04576
60400.0,2828,429953,999.2312588401697,4.298677E8,56.93611920529801,56.51652
60800.0,2852,432805,995.180224403927,4.32705954E8,56.93499394736842,56.76508
