%=============================================================================================================================
% Result "offer_SA4_DA1_AC2_ID_174_data_". Wed Oct 05 12:27:06 CEST 2022.
%-----------------------------------------------------------------------------------------------------------------------------
% (0) time[ms] | (1) #packets last interval | (2) #packets overall | (3) overall avrg. packetsize [byte] | (4) overall sum packetsize [byte] | (5) overall offer [Mb/s] | (6) offer last interval [Mb/s]
%=============================================================================================================================
result_offer_SA4_DA1_AC2_ID_174_data_ = [
0.0	0	0	NaN	0.0	NaN	NaN
400.0	28	28	983.8928571428571	27549.0	0.55098	0.55098
800.0	24	52	893.3333333333334	48989.0	0.48989	0.4288
1200.0	20	72	1287.7	74743.0	0.4982866666666667	0.51508
1600.0	27	99	827.7407407407408	97092.0	0.48546	0.44698000000000004
2000.0	23	122	1043.7391304347825	121098.0	0.484392	0.48011999999999994
2400.0	33	155	1081.3030303030303	156781.0	0.5226033333333334	0.71366
2800.0	27	182	1153.8148148148148	187934.0	0.5369542857142857	0.62306
3200.0	22	204	1037.590909090909	210761.0	0.5269025	0.45654
3600.0	20	224	1076.75	232296.0	0.5162133333333334	0.43069999999999997
4000.0	26	250	1039.2692307692307	259317.0	0.518634	0.54042
4400.0	41	291	1013.0487804878048	300852.0	0.5470036363636364	0.8307
4800.0	18	309	855.6111111111111	316253.0	0.5270883333333334	0.30802
5200.0	20	329	1086.3	337979.0	0.5199676923076924	0.43451999999999996
5600.0	23	352	1191.6521739130435	365387.0	0.5219814285714285	0.54816
6000.0	29	381	919.4827586206897	392052.0	0.522736	0.5333
6400.0	23	404	1126.2608695652175	417956.0	0.522445	0.5180800000000001
6800.0	24	428	1056.4583333333333	443311.0	0.5215423529411765	0.5071
7200.0	23	451	1023.8260869565217	466859.0	0.5187322222222223	0.47096
7600.0	22	473	936.5454545454545	487463.0	0.513118947368421	0.41208
8000.0	21	494	1190.095238095238	512455.0	0.5124550000000001	0.49984
8400.0	31	525	997.258064516129	543370.0	0.517495238095238	0.6183000000000001
8800.0	17	542	1073.1764705882354	561614.0	0.5105581818181818	0.36488
9200.0	19	561	943.7368421052631	579545.0	0.5039521739130435	0.35862
9600.0	37	598	978.7027027027027	615757.0	0.5131308333333334	0.72424
10000.0	25	623	1234.76	646626.0	0.5173008	0.61738
10400.0	30	653	1016.5333333333333	677122.0	0.520863076923077	0.60992
10800.0	19	672	932.6315789473684	694842.0	0.5146977777777778	0.3544
11200.0	34	706	1132.3235294117646	733341.0	0.523815	0.76998
11600.0	23	729	784.0	751373.0	0.518188275862069	0.36063999999999996
12000.0	30	759	863.4666666666667	777277.0	0.5181846666666667	0.51808
12400.0	32	791	859.46875	804780.0	0.5192129032258065	0.55006
12800.0	32	823	891.625	833312.0	0.5208200000000001	0.5706399999999999
13200.0	32	855	1060.28125	867241.0	0.5256006060606061	0.67858
13600.0	29	884	1105.1379310344828	899290.0	0.5289941176470588	0.64098
14000.0	16	900	1036.25	915870.0	0.5233542857142858	0.3316
14400.0	30	930	956.3333333333334	944560.0	0.5247555555555556	0.5738
14800.0	26	956	1128.3461538461538	973897.0	0.5264308108108109	0.5867399999999999
15200.0	32	988	1236.0625	1013451.0	0.5333952631578948	0.79108
15600.0	21	1009	914.2380952380952	1032650.0	0.5295641025641025	0.38398
16000.0	30	1039	1134.2666666666667	1066678.0	0.533339	0.68056
16400.0	24	1063	866.4583333333334	1087473.0	0.5304746341463414	0.41590000000000005
16800.0	29	1092	1167.0689655172414	1121318.0	0.5339609523809523	0.6769000000000001
17200.0	28	1120	982.1428571428571	1148818.0	0.5343339534883722	0.55
17600.0	19	1139	931.1578947368421	1166510.0	0.5302318181818182	0.35384
18000.0	21	1160	1068.0	1188938.0	0.528416888888889	0.44856
18400.0	28	1188	1028.2857142857142	1217730.0	0.5294478260869565	0.57584
18800.0	29	1217	942.1724137931035	1245053.0	0.5298097872340425	0.54646
19200.0	34	1251	844.1176470588235	1273753.0	0.5307304166666666	0.574
19600.0	20	1271	1165.55	1297064.0	0.5294138775510203	0.46621999999999997
20000.0	27	1298	1114.6666666666667	1327160.0	0.530864	0.6019200000000001
20400.0	21	1319	884.2857142857143	1345730.0	0.5277372549019609	0.3714
20800.0	20	1339	940.25	1364535.0	0.5248211538461539	0.3761
21200.0	20	1359	993.55	1384406.0	0.522417358490566	0.39742
21600.0	28	1387	856.5	1408388.0	0.5216251851851852	0.47964
22000.0	28	1415	1079.642857142857	1438618.0	0.5231338181818181	0.6046
22400.0	27	1442	1043.037037037037	1466780.0	0.52385	0.56324
22800.0	26	1468	1256.7307692307693	1499455.0	0.5261245614035087	0.6535000000000001
23200.0	26	1494	998.2692307692307	1525410.0	0.526003448275862	0.5191
23600.0	20	1514	1108.8	1547586.0	0.5246054237288136	0.44352
24000.0	24	1538	900.625	1569201.0	0.523067	0.43229999999999996
24400.0	26	1564	1104.1153846153845	1597908.0	0.5239042622950819	0.5741399999999999
24800.0	28	1592	1109.9642857142858	1628987.0	0.5254796774193549	0.62158
25200.0	24	1616	1110.0	1655627.0	0.5255958730158731	0.5328
25600.0	25	1641	1094.2	1682982.0	0.525931875	0.5471
26000.0	15	1656	663.5333333333333	1692935.0	0.5209030769230769	0.19906000000000001
26400.0	27	1683	1218.6666666666667	1725839.0	0.5229815151515151	0.65808
26800.0	27	1710	859.6296296296297	1749049.0	0.5221041791044776	0.46420000000000006
27200.0	25	1735	1080.44	1776060.0	0.5223705882352941	0.54022
27600.0	19	1754	1139.7894736842106	1797716.0	0.5210771014492753	0.4331200000000001
28000.0	35	1789	980.1142857142858	1832020.0	0.5234342857142856	0.68608
28400.0	23	1812	1028.3478260869565	1855672.0	0.5227245070422536	0.47304
28800.0	13	1825	868.6153846153846	1866964.0	0.5186011111111112	0.22583999999999999
29200.0	19	1844	1095.5263157894738	1887779.0	0.5171997260273972	0.4163
29600.0	22	1866	1171.8636363636363	1913560.0	0.5171783783783784	0.5156199999999999
30000.0	18	1884	863.9444444444445	1929111.0	0.5144296	0.31102
30400.0	16	1900	970.75	1944643.0	0.5117481578947368	0.31064
30800.0	25	1925	999.0	1969618.0	0.5115890909090909	0.4995
31200.0	30	1955	1018.3333333333334	2000168.0	0.5128635897435897	0.611
31600.0	22	1977	917.2727272727273	2020348.0	0.511480506329114	0.4036
32000.0	18	1995	949.6666666666666	2037442.0	0.5093605	0.34188
32400.0	24	2019	949.5833333333334	2060232.0	0.5086992592592592	0.45580000000000004
32800.0	23	2042	784.9565217391304	2078286.0	0.5068990243902438	0.36108
33200.0	24	2066	1094.9583333333333	2104565.0	0.5071240963855421	0.52558
33600.0	30	2096	953.9666666666667	2133184.0	0.5079009523809523	0.57238
34000.0	26	2122	1046.076923076923	2160382.0	0.5083251764705883	0.54396
34400.0	30	2152	944.9333333333333	2188730.0	0.509006976744186	0.56696
34800.0	24	2176	999.9166666666666	2212728.0	0.5086731034482759	0.47995999999999994
35200.0	17	2193	1111.2941176470588	2231620.0	0.5071863636363636	0.37783999999999995
35600.0	25	2218	1090.28	2258877.0	0.507612808988764	0.54514
36000.0	27	2245	919.6296296296297	2283707.0	0.5074904444444445	0.49660000000000004
36400.0	30	2275	943.4333333333333	2312010.0	0.508134065934066	0.56606
36800.0	28	2303	991.5357142857143	2339773.0	0.5086463043478261	0.55526
37200.0	17	2320	1091.764705882353	2358333.0	0.5071683870967741	0.3712
37600.0	32	2352	806.25	2384133.0	0.5072623404255319	0.516
38000.0	26	2378	955.5769230769231	2408978.0	0.5071532631578948	0.4969
38400.0	33	2411	830.1515151515151	2436373.0	0.5075777083333333	0.5478999999999999
38800.0	29	2440	961.1379310344828	2464246.0	0.5080919587628866	0.55746
39200.0	27	2467	1036.9259259259259	2492243.0	0.5086210204081633	0.55994
39600.0	21	2488	931.7619047619048	2511810.0	0.5074363636363637	0.39134
40000.0	33	2521	1139.7878787878788	2549423.0	0.5098846	0.75226
40400.0	28	2549	1078.0	2579607.0	0.5108132673267327	0.60368
40800.0	25	2574	985.48	2604244.0	0.5106360784313725	0.49273999999999996
41200.0	29	2603	1031.6206896551723	2634161.0	0.511487572815534	0.5983399999999999
41600.0	20	2623	1001.2	2654185.0	0.5104201923076923	0.40048
