%=============================================================================================================================
% Result "offer_SA4_DA1_AC2_ID_116_data_". Wed Oct 05 12:27:06 CEST 2022.
%-----------------------------------------------------------------------------------------------------------------------------
% (0) time[ms] | (1) #packets last interval | (2) #packets overall | (3) overall avrg. packetsize [byte] | (4) overall sum packetsize [byte] | (5) overall offer [Mb/s] | (6) offer last interval [Mb/s]
%=============================================================================================================================
result_offer_SA4_DA1_AC2_ID_116_data_ = [
0.0	0	0	NaN	0.0	NaN	NaN
400.0	582	582	1135.5	660861.0	13.21722	13.217220000000001
800.0	559	1141	1135.8568872987478	1295805.0	12.95805	12.698879999999999
1200.0	539	1680	1160.4879406307978	1921308.0	12.80872	12.510060000000001
1600.0	561	2241	1117.0819964349375	2547991.0	12.739955	12.53366
2000.0	538	2779	1157.8624535315985	3170921.0	12.683684	12.4586
2400.0	539	3318	1216.6753246753246	3826709.0	12.755696666666665	13.115760000000002
2800.0	542	3860	1178.8874538745388	4465666.0	12.759045714285715	12.77914
3200.0	582	4442	1127.3762886597938	5121799.0	12.8044975	13.12266
3600.0	571	5013	1130.9947460595447	5767597.0	12.816882222222223	12.91596
4000.0	569	5582	1168.6063268892794	6432534.0	12.865068	13.29874
4400.0	561	6143	1166.0926916221033	7086712.0	12.884930909090908	13.08356
4800.0	543	6686	1147.7605893186003	7709946.0	12.84991	12.46468
5200.0	558	7244	1125.6917562724013	8338082.0	12.827818461538461	12.56272
5600.0	563	7807	1123.1314387211369	8970405.0	12.814864285714286	12.646460000000001
6000.0	560	8367	1128.8089285714286	9602538.0	12.803384	12.64266
6400.0	556	8923	1121.928057553957	1.022633E7	12.7829125	12.47584
6800.0	579	9502	1091.8359240069085	1.0858503E7	12.774709411764707	12.64346
7200.0	562	10064	1057.341637010676	1.1452729E7	12.725254444444444	11.88452
7600.0	571	10635	1161.7162872154115	1.2116069E7	12.753756842105265	13.2668
8000.0	560	11195	1150.9053571428572	1.2760576E7	12.760576	12.89014
8400.0	579	11774	1206.2711571675302	1.3459007E7	12.818101904761905	13.968620000000001
8800.0	566	12340	1117.374558303887	1.4091441E7	12.81040090909091	12.64868
9200.0	617	12957	1150.9886547811993	1.4801601E7	12.870957391304348	14.2032
9600.0	537	13494	1164.0949720670392	1.542672E7	12.8556	12.502379999999999
10000.0	527	14021	1153.4705882352941	1.6034599E7	12.8276792	12.15758
10400.0	545	14566	1104.5743119266056	1.6636592E7	12.797378461538463	12.039860000000001
10800.0	547	15113	1158.2394881170019	1.7270149E7	12.792702962962963	12.671140000000001
11200.0	594	15707	1188.324915824916	1.7976014E7	12.84001	14.117300000000002
11600.0	521	16228	1182.7946257197698	1.859225E7	12.822241379310343	12.32472
12000.0	554	16782	1175.8555956678701	1.9243674E7	12.829116	13.028480000000002
12400.0	572	17354	1143.1258741258741	1.9897542E7	12.837123870967742	13.07736
12800.0	534	17888	1137.5449438202247	2.0504991E7	12.815619375	12.14898
13200.0	569	18457	1159.7855887521969	2.1164909E7	12.827217575757574	13.198360000000001
13600.0	550	19007	1126.9781818181818	2.1784747E7	12.81455705882353	12.39676
14000.0	597	19604	1177.6649916247907	2.2487813E7	12.850178857142856	14.061319999999998
14400.0	527	20131	1160.6318785578749	2.3099466E7	12.833036666666667	12.23306
14800.0	543	20674	1163.0423572744014	2.3730998E7	12.827566486486488	12.63064
15200.0	533	21207	1152.590994371482	2.4345329E7	12.813331052631577	12.28662
15600.0	542	21749	1184.640221402214	2.4987404E7	12.814053333333334	12.841499999999996
16000.0	537	22286	1188.0409683426444	2.5625382E7	12.812691	12.75956
16400.0	535	22821	1178.1065420560747	2.6255669E7	12.807643414634148	12.60574
16800.0	501	23322	1129.3932135728544	2.6821495E7	12.772140476190476	11.31652
17200.0	561	23883	1169.711229946524	2.7477703E7	12.780326976744186	13.12416
17600.0	550	24433	1167.5272727272727	2.8119843E7	12.78174681818182	12.8428
18000.0	575	25008	1125.6852173913044	2.8767112E7	12.785383111111111	12.94538
18400.0	529	25537	1215.6975425330813	2.9410216E7	12.787050434782607	12.86208
18800.0	527	26064	1183.4250474383302	3.0033881E7	12.78037489361702	12.4733
19200.0	582	26646	1151.250859106529	3.0703909E7	12.793295416666666	13.400559999999997
19600.0	572	27218	1129.1958041958042	3.1349809E7	12.795840408163265	12.918000000000001
20000.0	582	27800	1205.414089347079	3.205136E7	12.820544	14.031020000000002
20400.0	558	28358	1120.0967741935483	3.2676374E7	12.81426431372549	12.50028
20800.0	583	28941	1120.245283018868	3.3329477E7	12.819029615384617	13.062059999999999
21200.0	560	29501	1092.2196428571428	3.394112E7	12.807969811320755	12.23286
21600.0	558	30059	1138.100358422939	3.457618E7	12.805992592592593	12.7012
22000.0	535	30594	1103.082242990654	3.5166329E7	12.787756	11.802979999999998
22400.0	527	31121	1191.1954459203037	3.5794089E7	12.783603214285714	12.5552
22800.0	579	31700	1135.2625215889464	3.6451406E7	12.78996701754386	13.146339999999999
23200.0	584	32284	1183.974315068493	3.7142847E7	12.80787827586207	13.82882
23600.0	503	32787	1148.8409542743539	3.7720714E7	12.786682711864406	11.55734
24000.0	534	33321	1121.310861423221	3.8319494E7	12.773164666666668	11.9756
24400.0	549	33870	1112.7741347905283	3.8930407E7	12.76406786885246	12.21826
24800.0	593	34463	1121.3018549747048	3.9595339E7	12.77269	13.298639999999999
25200.0	558	35021	1151.3978494623657	4.0237819E7	12.773910793650792	12.8496
25600.0	517	35538	1142.009671179884	4.0828238E7	12.758824375	11.80838
26000.0	614	36152	1163.6612377850163	4.1542726E7	12.78237723076923	14.289760000000001
26400.0	574	36726	1177.848432055749	4.2218811E7	12.79357909090909	13.521700000000001
26800.0	550	37276	1176.8545454545454	4.2866081E7	12.795845074626866	12.9454
27200.0	564	37840	1128.063829787234	4.3502309E7	12.794796764705882	12.72456
27600.0	527	38367	1164.4592030360532	4.4115979E7	12.787240289855072	12.2734
28000.0	545	38912	1113.2605504587157	4.4722706E7	12.777916	12.134540000000001
28400.0	576	39488	1113.5243055555557	4.5364096E7	12.778618591549296	12.8278
28800.0	555	40043	1168.8054054054055	4.6012783E7	12.781328611111112	12.97374
29200.0	569	40612	1084.3989455184535	4.6629806E7	12.775289315068495	12.34046
29600.0	557	41169	1147.0843806104128	4.7268732E7	12.775332972972972	12.77852
30000.0	574	41743	1150.8066202090592	4.7929295E7	12.781145333333335	13.21126
30400.0	534	42277	1112.8632958801497	4.8523564E7	12.76935894736842	11.885380000000001
30800.0	553	42830	1222.6546112115732	4.9199692E7	12.779140779220779	13.522559999999999
31200.0	567	43397	1165.9664902998236	4.9860795E7	12.784819230769232	13.222059999999999
31600.0	509	43906	1109.9567779960707	5.0425763E7	12.76601594936709	11.29936
32000.0	565	44471	1189.1345132743363	5.1097624E7	12.774406	13.43722
32400.0	529	45000	1123.0831758034026	5.1691735E7	12.763391358024693	11.882219999999998
32800.0	530	45530	1130.4320754716982	5.2290864E7	12.753869268292682	11.982580000000002
33200.0	568	46098	1169.8468309859154	5.2955337E7	12.760322168674698	13.28946
33600.0	524	46622	1069.043893129771	5.3515516E7	12.741789523809524	11.203579999999999
34000.0	622	47244	1173.0048231511255	5.4245125E7	12.763558823529413	14.592179999999999
34400.0	567	47811	1126.7548500881835	5.4883995E7	12.76371976744186	12.7774
34800.0	563	48374	1156.2273534635879	5.5534951E7	12.76665540229885	13.01912
35200.0	548	48922	1115.6605839416059	5.6146333E7	12.760530227272728	12.22764
35600.0	588	49510	1225.2721088435374	5.6866793E7	12.779054606741571	14.4092
36000.0	559	50069	1167.7048300536674	5.751954E7	12.78212	13.054939999999998
36400.0	567	50636	1100.8536155202821	5.8143724E7	12.77884043956044	12.48368
36800.0	546	51182	1156.3296703296703	5.877508E7	12.777191304347825	12.627120000000001
37200.0	579	51761	1140.5371329879101	5.9435451E7	12.781817419354839	13.20742
