time[ms],#packets last interval,#packets overall,overall avrg. packetsize [byte],overall sum packetsize [byte],overall offer [Mb/s],offer last interval [Mb/s]
0.0,0,0,NaN,0.0,NaN,NaN
400.0,106,106,1040.8490566037735,110330.0,2.2066,2.2066
800.0,108,214,1065.3055555555557,225383.0,2.25383,2.3010600000000005
1200.0,102,316,1000.5980392156863,327444.0,2.18296,2.04122
1600.0,118,434,1000.5,445503.0,2.227515,2.36118
2000.0,102,536,884.9509803921569,535768.0,2.143072,1.8053
2400.0,113,649,919.7168141592921,639696.0,2.13232,2.07856
2800.0,97,746,999.5051546391752,736648.0,2.104708571428571,1.9390399999999999
3200.0,111,857,913.3693693693693,838032.0,2.09508,2.02768
3600.0,106,963,1037.1415094339623,947969.0,2.106597777777778,2.19874
4000.0,89,1052,1083.0898876404494,1044364.0,2.088728,1.9279
4400.0,111,1163,957.027027027027,1150594.0,2.091989090909091,2.1246
4800.0,121,1284,973.0165289256198,1268329.0,2.1138816666666664,2.3547000000000002
5200.0,90,1374,860.8666666666667,1345807.0,2.0704723076923077,1.54956
5600.0,95,1469,999.5157894736842,1440761.0,2.05823,1.8990799999999999
6000.0,113,1582,988.6725663716815,1552481.0,2.0699746666666665,2.2344
6400.0,112,1694,931.6964285714286,1656831.0,2.07103875,2.0869999999999997
6800.0,99,1793,986.3939393939394,1754484.0,2.0640988235294118,1.95306
7200.0,104,1897,1042.1057692307693,1862863.0,2.069847777777778,2.16758
7600.0,101,1998,971.1188118811881,1960946.0,2.0641536842105266,1.9616600000000002
8000.0,92,2090,951.0,2048438.0,2.048438,1.74984
8400.0,122,2212,1041.122950819672,2175455.0,2.0718619047619047,2.5403399999999996
8800.0,105,2317,1113.0,2292320.0,2.083927272727273,2.3373
9200.0,104,2421,1020.8846153846154,2398492.0,2.0856452173913045,2.12344
9600.0,123,2544,922.1138211382114,2511912.0,2.0932600000000003,2.2684
10000.0,118,2662,985.1271186440678,2628157.0,2.1025256,2.3249
10400.0,111,2773,980.4144144144144,2736983.0,2.1053715384615383,2.17652
10800.0,99,2872,995.6565656565657,2835553.0,2.1004096296296297,1.9714
11200.0,100,2972,881.56,2923709.0,2.0883635714285718,1.76312
11600.0,114,3086,983.6929824561404,3035850.0,2.093689655172414,2.24282
12000.0,115,3201,1046.6,3156209.0,2.1041393333333334,2.4071799999999994
12400.0,99,3300,1016.5656565656566,3256849.0,2.101192903225806,2.0128
12800.0,125,3425,1033.504,3386037.0,2.116273125,2.58376
13200.0,107,3532,1030.2056074766356,3496269.0,2.118950909090909,2.20464
13600.0,127,3659,1016.6771653543307,3625387.0,2.1325805882352946,2.5823600000000004
14000.0,107,3766,983.803738317757,3730654.0,2.1318022857142855,2.10534
14400.0,104,3870,898.9423076923077,3824144.0,2.1245244444444444,1.8698000000000001
14800.0,103,3973,912.7864077669902,3918161.0,2.117924864864865,1.8803400000000001
15200.0,104,4077,991.5480769230769,4021282.0,2.1164642105263156,2.06242
15600.0,111,4188,973.0450450450451,4129290.0,2.1175846153846156,2.1601600000000003
16000.0,92,4280,856.2826086956521,4208068.0,2.104034,1.57556
16400.0,128,4408,968.609375,4332050.0,2.113195121951219,2.47964
16800.0,101,4509,1028.1386138613861,4435892.0,2.1123295238095237,2.0768400000000002
17200.0,125,4634,922.392,4551191.0,2.1168330232558143,2.30598
17600.0,102,4736,913.2843137254902,4644346.0,2.111066363636364,1.8631
18000.0,91,4827,874.6593406593406,4723940.0,2.099528888888889,1.59188
18400.0,116,4943,924.1896551724138,4831146.0,2.100498260869565,2.14412
18800.0,107,5050,942.8971962616822,4932036.0,2.098738723404255,2.0178
19200.0,130,5180,1037.7076923076922,5066938.0,2.111224166666667,2.6980399999999998
19600.0,100,5280,1035.53,5170491.0,2.1104044897959184,2.07106
20000.0,114,5394,1027.5438596491229,5287631.0,2.1150523999999997,2.3428
20400.0,115,5509,995.8260869565217,5402151.0,2.118490588235294,2.2904
20800.0,129,5638,1100.4418604651162,5544108.0,2.132349230769231,2.83914
21200.0,117,5755,1003.2991452991453,5661494.0,2.1364128301886796,2.3477200000000003
21600.0,118,5873,1101.635593220339,5791487.0,2.144995185185185,2.59986
22000.0,119,5992,1007.6722689075631,5911400.0,2.1496,2.39826
22400.0,103,6095,934.747572815534,6007679.0,2.145599642857143,1.92558
22800.0,113,6208,957.5575221238938,6115883.0,2.145923859649123,2.16408
23200.0,97,6305,1077.340206185567,6220385.0,2.1449603448275862,2.09004
23600.0,112,6417,988.4285714285714,6331089.0,2.1461318644067795,2.21408
24000.0,111,6528,967.6126126126126,6438494.0,2.1461646666666665,2.1481
24400.0,124,6652,1056.1532258064517,6569457.0,2.1539203278688523,2.6192600000000006
24800.0,97,6749,965.0618556701031,6663068.0,2.1493767741935486,1.87222
25200.0,104,6853,934.0,6760204.0,2.146096507936508,1.94272
25600.0,99,6952,934.4646464646464,6852716.0,2.14147375,1.8502399999999999
26000.0,103,7055,1017.242718446602,6957492.0,2.140766769230769,2.09552
26400.0,87,7142,997.8620689655172,7044306.0,2.1346381818181817,1.73628
26800.0,108,7250,994.0370370370371,7151662.0,2.1348244776119403,2.1471199999999997
27200.0,104,7354,1068.451923076923,7262781.0,2.13611205882353,2.22238
27600.0,113,7467,1047.9026548672566,7381194.0,2.1394765217391303,2.3682600000000003
28000.0,88,7555,1033.784090909091,7472167.0,2.1349048571428573,1.8194599999999999
28400.0,112,7667,1031.982142857143,7587749.0,2.1373940845070427,2.31164
28800.0,110,7777,958.1545454545454,7693146.0,2.136985,2.10794
29200.0,104,7881,1017.5961538461538,7798976.0,2.1367057534246574,2.1166
29600.0,103,7984,1012.6019417475728,7903274.0,2.13602,2.08596
30000.0,108,8092,1049.898148148148,8016663.0,2.1377768,2.2677799999999997
30400.0,125,8217,957.504,8136351.0,2.141145,2.39376
30800.0,114,8331,974.5175438596491,8247446.0,2.1421937662337664,2.2218999999999998
31200.0,103,8434,983.1553398058253,8348711.0,2.140695128205128,2.0252999999999997
31600.0,120,8554,1036.6333333333334,8473107.0,2.145090379746835,2.4879200000000004
32000.0,131,8685,969.5496183206106,8600118.0,2.1500295,2.54022
32400.0,104,8789,1069.2692307692307,8711322.0,2.150943703703704,2.22408
32800.0,114,8903,979.8245614035088,8823022.0,2.1519565853658538,2.234
33200.0,116,9019,1055.2413793103449,8945430.0,2.155525301204819,2.44816
33600.0,93,9112,1012.3655913978495,9039580.0,2.1522809523809525,1.883
34000.0,104,9216,1015.6442307692307,9145207.0,2.151813411764706,2.11254
34400.0,121,9337,973.3388429752066,9262981.0,2.1541816279069765,2.35548
34800.0,103,9440,1013.242718446602,9367345.0,2.153412643678161,2.08728
35200.0,109,9549,903.4862385321101,9465825.0,2.1513238636363634,1.9696
35600.0,96,9645,955.34375,9557538.0,2.147761348314607,1.83426
36000.0,110,9755,958.8090909090909,9663007.0,2.147334888888889,2.10938
36400.0,104,9859,1068.9807692307693,9774181.0,2.1481716483516484,2.22348
36800.0,114,9973,1050.7105263157894,9893962.0,2.150861304347826,2.3956199999999996
37200.0,117,10090,1031.179487179487,1.001461E7,2.153679569892473,2.41296
37600.0,109,10199,926.8715596330276,1.0115639E7,2.1522636170212768,2.02058
38000.0,105,10304,999.3523809523809,1.0220571E7,2.1516991578947366,2.09864
38400.0,127,10431,964.0393700787401,1.0343004E7,2.1547925,2.44866
38800.0,102,10533,919.1764705882352,1.043676E7,2.1519092783505154,1.8751200000000001
39200.0,107,10640,1070.5514018691588,1.0551309E7,2.1533283673469388,2.29098
39600.0,110,10750,950.9636363636364,1.0655915E7,2.152710101010101,2.09212
40000.0,107,10857,900.4299065420561,1.0752261E7,2.1504522,1.92692
40400.0,109,10966,909.4587155963303,1.0851392E7,2.148790495049505,1.9826199999999998
40800.0,116,11082,973.0172413793103,1.0964262E7,2.149855294117647,2.2574
41200.0,109,11191,1093.119266055046,1.1083412E7,2.152118834951456,2.3830000000000005
41600.0,101,11292,962.2277227722773,1.1180597E7,2.150114807692308,1.9436999999999998
42000.0,93,11385,1092.5806451612902,1.1282207E7,2.14899180952381,2.0322
42400.0,118,11503,1007.9915254237288,1.140115E7,2.1511603773584906,2.37886
42800.0,107,11610,1019.9719626168225,1.1510287E7,2.1514555140186915,2.18274
43200.0,105,11715,923.9619047619047,1.1607303E7,2.1495005555555555,1.94032
43600.0,115,11830,1007.3391304347826,1.1723147E7,2.1510361467889907,2.3168800000000003
44000.0,124,11954,1072.4193548387098,1.1856127E7,2.1556594545454546,2.6595999999999997
44400.0,113,12067,1007.929203539823,1.1970023E7,2.1567609009009012,2.27792
44800.0,125,12192,1002.4,1.2095323E7,2.1598791071428574,2.506
45200.0,126,12318,973.8809523809524,1.2218032E7,2.162483539823009,2.45418
45600.0,121,12439,965.2479338842975,1.2334827E7,2.1640047368421054,2.3359
46000.0,110,12549,965.4909090909091,1.2441031E7,2.1636575652173917,2.12408
46400.0,127,12676,1000.3228346456693,1.2568072E7,2.1669089655172415,2.5408199999999996
46800.0,114,12790,1008.2631578947369,1.2683014E7,2.168036581196581,2.29884
47200.0,115,12905,981.3478260869565,1.2795869E7,2.168791355932203,2.2571
47600.0,111,13016,982.3693693693693,1.2904912E7,2.1688927731092438,2.18086
48000.0,124,13140,1026.9516129032259,1.3032254E7,2.1720423333333336,2.5468400000000004
48400.0,115,13255,993.6782608695652,1.3146527E7,2.1729796694214873,2.28546
48800.0,109,13364,1027.7798165137615,1.3258555E7,2.173533606557377,2.24056
49200.0,124,13488,1009.4274193548387,1.3383724E7,2.1762152845528453,2.50338
49600.0,107,13595,982.0280373831775,1.3488801E7,2.175613064516129,2.10154
50000.0,86,13681,1088.7209302325582,1.3582431E7,2.17318896,1.8726
50400.0,106,13787,1005.4245283018868,1.3689006E7,2.1728580952380954,2.1315
50800.0,124,13911,1027.3548387096773,1.3816398E7,2.1758107086614173,2.5478399999999994
51200.0,111,14022,925.027027027027,1.3919076E7,2.174855625,2.05356
51600.0,116,14138,927.7327586206897,1.4026693E7,2.174681085271318,2.15234
52000.0,87,14225,980.816091954023,1.4112024E7,2.171080615384615,1.70662
52400.0,104,14329,939.1826923076923,1.4209699E7,2.1694196946564883,1.9535
52800.0,96,14425,1078.7708333333333,1.4313261E7,2.168675909090909,2.07124
53200.0,112,14537,1030.794642857143,1.442871E7,2.169730827067669,2.30898
53600.0,109,14646,936.2110091743119,1.4530757E7,2.168769701492537,2.04094
54000.0,104,14750,1013.9519230769231,1.4636208E7,2.168327111111111,2.10902
54400.0,110,14860,993.5272727272727,1.4745496E7,2.1684552941176474,2.18576
54800.0,94,14954,1042.787234042553,1.4843518E7,2.1669369343065688,1.9604399999999997
55200.0,106,15060,971.566037735849,1.4946504E7,2.16616,2.05972
55600.0,116,15176,981.1724137931035,1.506032E7,2.166952517985611,2.27632
56000.0,111,15287,980.3063063063063,1.5169134E7,2.167019142857143,2.1762799999999998
56400.0,107,15394,1010.6635514018692,1.5277275E7,2.1669893617021274,2.16282
56800.0,105,15499,1048.2285714285715,1.5387339E7,2.1672308450704225,2.20128
57200.0,109,15608,1010.6146788990826,1.5497496E7,2.167481958041958,2.2031400000000003
57600.0,99,15707,949.0909090909091,1.5591456E7,2.16548,1.8792
58000.0,105,15812,1025.6,1.5699144E7,2.1653991724137933,2.1537599999999997
58400.0,110,15922,1039.6636363636364,1.5813507E7,2.1662338356164383,2.2872600000000003
58800.0,108,16030,991.4907407407408,1.5920588E7,2.166066394557823,2.14162
59200.0,108,16138,1058.6851851851852,1.6034926E7,2.166881891891892,2.28676
59600.0,120,16258,958.05,1.6149892E7,2.167770738255033,2.29932
60000.0,115,16373,990.2,1.6263765E7,2.168502,2.27746
60400.0,101,16474,915.5544554455446,1.6356236E7,2.1663888741721853,1.8494199999999998
60800.0,100,16574,1043.53,1.6460589E7,2.165866973684211,2.08706
