time[ms],#packets last interval,#packets overall,overall avrg. packetsize [byte],overall sum packetsize [byte],overall offer [Mb/s],offer last interval [Mb/s]
0.0,0,0,NaN,0.0,NaN,NaN
400.0,108,108,1090.0555555555557,117726.0,2.35452,2.3545200000000004
800.0,107,215,839.6728971962617,207571.0,2.07571,1.7969
1200.0,109,324,975.348623853211,313884.0,2.09256,2.1262600000000003
1600.0,100,424,958.21,409705.0,2.048525,1.91642
2000.0,100,524,987.62,508467.0,2.033868,1.97524
2400.0,108,632,999.1203703703703,616372.0,2.0545733333333334,2.1581
2800.0,123,755,1034.0487804878048,743560.0,2.124457142857143,2.54376
3200.0,120,875,885.35,849802.0,2.124505,2.12484
3600.0,112,987,1003.3839285714286,962181.0,2.13818,2.24758
4000.0,105,1092,994.7047619047619,1066625.0,2.13325,2.08888
4400.0,119,1211,975.9747899159664,1182766.0,2.1504836363636364,2.32282
4800.0,119,1330,980.2016806722689,1299410.0,2.1656833333333334,2.33288
5200.0,122,1452,1078.4344262295083,1430979.0,2.2015061538461533,2.63138
5600.0,113,1565,973.3274336283185,1540965.0,2.201378571428571,2.19972
6000.0,106,1671,1010.933962264151,1648124.0,2.197498666666667,2.14318
6400.0,115,1786,1131.1478260869565,1778206.0,2.2227575,2.6016399999999997
6800.0,111,1897,1001.6216216216217,1889386.0,2.2228070588235296,2.2236000000000002
7200.0,99,1996,874.2929292929293,1975941.0,2.19549,1.7311
7600.0,98,2094,1012.0612244897959,2075123.0,2.18434,1.98364
8000.0,109,2203,922.7064220183486,2175698.0,2.175698,2.0115
8400.0,105,2308,919.0190476190476,2272195.0,2.1639952380952385,1.92994
8800.0,105,2413,1098.5904761904762,2387547.0,2.1704972727272724,2.3070399999999998
9200.0,99,2512,952.8686868686868,2481881.0,2.158157391304348,1.8866800000000001
9600.0,100,2612,985.94,2580475.0,2.1503958333333335,1.97188
10000.0,109,2721,1028.091743119266,2692537.0,2.1540295999999994,2.24124
10400.0,103,2824,1031.2718446601941,2798758.0,2.1528907692307695,2.1244199999999998
10800.0,116,2940,1032.0431034482758,2918475.0,2.1618333333333335,2.39434
11200.0,110,3050,948.4454545454546,3022804.0,2.1591457142857147,2.08658
11600.0,118,3168,1099.4322033898304,3152537.0,2.1741634482758623,2.5946599999999997
12000.0,101,3269,1069.4851485148515,3260555.0,2.1737033333333335,2.16036
12400.0,89,3358,995.1910112359551,3349127.0,2.1607270967741936,1.77144
12800.0,107,3465,1024.252336448598,3458722.0,2.16170125,2.1918999999999995
13200.0,92,3557,948.1521739130435,3545952.0,2.1490618181818184,1.7446000000000002
13600.0,130,3687,966.0384615384615,3671537.0,2.1597276470588236,2.5117000000000003
14000.0,84,3771,972.8928571428571,3753260.0,2.14472,1.63446
14400.0,114,3885,1075.4649122807018,3875863.0,2.153257222222222,2.45206
14800.0,111,3996,1003.0540540540541,3987202.0,2.1552443243243244,2.2267799999999998
15200.0,107,4103,944.0560747663551,4088216.0,2.1516926315789475,2.02028
15600.0,128,4231,1095.2578125,4228409.0,2.168414871794872,2.8038600000000002
16000.0,106,4337,1093.311320754717,4344300.0,2.17215,2.3178199999999998
16400.0,116,4453,1031.896551724138,4464000.0,2.1775609756097563,2.394
16800.0,124,4577,988.1370967741935,4586529.0,2.184061428571429,2.45058
17200.0,114,4691,1028.201754385965,4703744.0,2.187787906976744,2.3443
17600.0,107,4798,1062.1495327102805,4817394.0,2.1897245454545455,2.273
18000.0,116,4914,1017.0,4935366.0,2.193496,2.3594399999999998
18400.0,107,5021,984.7850467289719,5040738.0,2.1916252173913042,2.10744
18800.0,103,5124,946.7184466019418,5138250.0,2.1864893617021273,1.95024
19200.0,113,5237,1050.1681415929204,5256919.0,2.1903829166666666,2.37338
19600.0,119,5356,1026.0252100840337,5379016.0,2.1955167346938773,2.44194
20000.0,106,5462,941.7169811320755,5478838.0,2.1915351999999997,1.9964399999999998
20400.0,97,5559,940.2164948453608,5570039.0,2.1843290196078433,1.82402
20800.0,110,5669,1007.3818181818182,5680851.0,2.184942692307692,2.21624
21200.0,118,5787,980.9745762711865,5796606.0,2.1873984905660375,2.3151
21600.0,110,5897,1014.1181818181818,5908159.0,2.188207037037037,2.23106
22000.0,106,6003,1060.7264150943397,6020596.0,2.1893076363636363,2.24874
22400.0,91,6094,1045.0,6115691.0,2.1841753571428573,1.9019
22800.0,107,6201,997.803738317757,6222456.0,2.1833178947368417,2.1353
23200.0,105,6306,1059.7714285714285,6333732.0,2.1840455172413793,2.2255199999999995
23600.0,111,6417,1011.936936936937,6446057.0,2.1851040677966105,2.2464999999999997
24000.0,108,6525,1074.1296296296296,6562063.0,2.187354333333333,2.32012
24400.0,121,6646,1026.2644628099174,6686241.0,2.1922101639344262,2.4835599999999998
24800.0,96,6742,953.21875,6777750.0,2.1863709677419356,1.83018
25200.0,117,6859,1001.5042735042736,6894926.0,2.1888653968253964,2.34352
25600.0,105,6964,1004.6285714285714,7000412.0,2.18762875,2.10972
26000.0,93,7057,903.8602150537635,7084471.0,2.1798372307692304,1.68118
26400.0,95,7152,1013.6105263157895,7180764.0,2.175989090909091,1.9258600000000001
26800.0,101,7253,1025.5544554455446,7284345.0,2.1744313432835822,2.0716200000000002
27200.0,130,7383,953.5461538461539,7408306.0,2.1789135294117643,2.47922
27600.0,112,7495,1025.9732142857142,7523215.0,2.1806420289855075,2.29818
28000.0,116,7611,950.8879310344828,7633518.0,2.181005142857143,2.20606
28400.0,111,7722,1017.0540540540541,7746411.0,2.1820876056338028,2.25786
28800.0,114,7836,1002.078947368421,7860648.0,2.1835133333333334,2.28474
29200.0,87,7923,957.528735632184,7943953.0,2.176425479452055,1.6661000000000001
29600.0,101,8024,1081.1980198019803,8053154.0,2.176528108108108,2.1840200000000003
30000.0,120,8144,987.425,8171645.0,2.1791053333333337,2.36982
30400.0,109,8253,1097.8073394495414,8291306.0,2.1819226315789475,2.3932200000000003
30800.0,116,8369,924.0603448275862,8398497.0,2.1814277922077925,2.14382
31200.0,102,8471,1066.3529411764705,8507265.0,2.18135,2.17536
31600.0,115,8586,1020.8086956521739,8624658.0,2.1834577215189874,2.34786
32000.0,113,8699,1045.2300884955753,8742769.0,2.18569225,2.3622199999999998
32400.0,113,8812,1036.6194690265486,8859907.0,2.1876313580246918,2.3427599999999997
32800.0,121,8933,1060.0247933884298,8988170.0,2.1922365853658534,2.56526
33200.0,117,9050,971.4102564102565,9101825.0,2.193210843373494,2.2731000000000003
33600.0,114,9164,1055.0438596491229,9222100.0,2.1957380952380956,2.4055
34000.0,115,9279,929.1391304347826,9328951.0,2.1950472941176473,2.13702
34400.0,107,9386,925.1775700934579,9427945.0,2.192545348837209,1.97988
34800.0,134,9520,1000.5149253731344,9562014.0,2.1981641379310344,2.68138
35200.0,104,9624,926.5673076923077,9658377.0,2.195085681818182,1.92726
35600.0,107,9731,920.0,9756817.0,2.1925431460674156,1.9687999999999999
36000.0,87,9818,1122.3563218390805,9854462.0,2.1898804444444444,1.9528999999999999
36400.0,100,9918,984.26,9952888.0,2.187447912087912,1.96852
36800.0,108,10026,969.7962962962963,1.0057626E7,2.1864404347826087,2.09476
37200.0,102,10128,1084.7058823529412,1.0168266E7,2.1867238709677417,2.2128
37600.0,96,10224,855.71875,1.0250415E7,2.1809393617021278,1.64298
38000.0,112,10336,1051.5535714285713,1.0368189E7,2.1827766315789474,2.35548
38400.0,100,10436,994.54,1.0467643E7,2.1807589583333336,1.98908
38800.0,115,10551,1050.1391304347826,1.0588409E7,2.183177113402062,2.41532
39200.0,81,10632,990.8148148148148,1.0668665E7,2.1772785714285714,1.6051199999999999
39600.0,115,10747,1054.895652173913,1.0789978E7,2.1797935353535354,2.42626
40000.0,113,10860,990.0353982300885,1.0901852E7,2.1803703999999997,2.23748
40400.0,93,10953,1122.1612903225807,1.1006213E7,2.179448118811881,2.0872200000000003
40800.0,110,11063,1015.8727272727273,1.1117959E7,2.1799919607843137,2.23492
41200.0,111,11174,1018.7567567567568,1.1231041E7,2.180784660194175,2.26164
41600.0,105,11279,1010.8285714285714,1.1337178E7,2.1802265384615387,2.12274
42000.0,119,11398,1046.4285714285713,1.1461703E7,2.1831815238095236,2.4904999999999995
42400.0,112,11510,1072.1785714285713,1.1581787E7,2.1852428301886797,2.40168
42800.0,116,11626,1006.9137931034483,1.1698589E7,2.1866521495327103,2.33604
43200.0,109,11735,1025.0642201834862,1.1810321E7,2.1870964814814813,2.2346399999999997
43600.0,118,11853,986.0508474576271,1.1926675E7,2.1883807339449537,2.32708
44000.0,93,11946,1009.9247311827957,1.2020598E7,2.185563272727273,1.87846
44400.0,129,12075,994.4651162790698,1.2148884E7,2.188988108108108,2.5657200000000002
44800.0,128,12203,1000.1953125,1.2276909E7,2.1923051785714285,2.5605
45200.0,94,12297,953.9574468085107,1.2366581E7,2.1887753982300886,1.79344
45600.0,108,12405,929.6388888888889,1.2466982E7,2.1871898245614037,2.00802
46000.0,121,12526,1002.603305785124,1.2588297E7,2.189269043478261,2.4263000000000003
46400.0,129,12655,1043.984496124031,1.2722971E7,2.193615689655173,2.6934799999999997
46800.0,113,12768,1064.2389380530974,1.284323E7,2.195423931623932,2.40518
47200.0,102,12870,1141.9607843137255,1.295971E7,2.1965610169491527,2.3296
47600.0,110,12980,1077.1181818181817,1.3078193E7,2.198015630252101,2.3696599999999997
48000.0,102,13082,1000.5098039215686,1.3180245E7,2.1967075,2.04104
48400.0,98,13180,1066.6530612244899,1.3284777E7,2.195830909090909,2.0906400000000005
48800.0,105,13285,1004.5904761904762,1.3390259E7,2.195124426229508,2.10964
49200.0,113,13398,961.7168141592921,1.3498933E7,2.1949484552845533,2.17348
49600.0,106,13504,924.5283018867924,1.3596933E7,2.193053709677419,1.96
50000.0,112,13616,952.1785714285714,1.3703577E7,2.1925723200000005,2.13288
50400.0,132,13748,978.8787878787879,1.3832789E7,2.1956807936507934,2.58424
50800.0,98,13846,930.2857142857143,1.3923957E7,2.1927491338582676,1.82336
51200.0,109,13955,1035.3853211009175,1.4036814E7,2.1932521875,2.25714
51600.0,95,14050,1106.4,1.4141922E7,2.192546046511628,2.1021600000000005
52000.0,107,14157,1069.5981308411215,1.4256369E7,2.1932875384615387,2.2889399999999998
52400.0,114,14271,945.0701754385965,1.4364107E7,2.192993435114504,2.15476
52800.0,114,14385,1073.7719298245613,1.4486517E7,2.1949268181818185,2.4482
53200.0,121,14506,984.7603305785124,1.4605673E7,2.196341804511278,2.38312
53600.0,117,14623,1022.1965811965812,1.472527E7,2.1978014925373137,2.39194
54000.0,108,14731,991.9629629629629,1.4832402E7,2.197392888888889,2.14264
54400.0,94,14825,1064.372340425532,1.4932453E7,2.195948970588235,2.0010200000000005
54800.0,110,14935,915.1181818181818,1.5033116E7,2.194615474452555,2.01326
55200.0,104,15039,943.8365384615385,1.5131275E7,2.1929384057971015,1.96318
55600.0,102,15141,1041.9019607843138,1.5237549E7,2.19245309352518,2.1254800000000005
56000.0,106,15247,957.4433962264151,1.5339038E7,2.1912911428571427,2.0297799999999997
56400.0,102,15349,1097.9705882352941,1.5451031E7,2.1916356028368793,2.2398599999999997
56800.0,102,15451,1017.7352941176471,1.555484E7,2.190822535211268,2.07618
57200.0,122,15573,1027.122950819672,1.5680149E7,2.1930278321678323,2.5061799999999996
57600.0,119,15692,962.7899159663865,1.5794721E7,2.19371125,2.2914399999999997
58000.0,86,15778,974.8720930232558,1.587856E7,2.1901462068965514,1.67678
58400.0,113,15891,996.6017699115044,1.5991176E7,2.1905720547945204,2.25232
58800.0,111,16002,1094.8108108108108,1.61127E7,2.192204081632653,2.4304799999999998
59200.0,130,16132,1036.7,1.6247471E7,2.195604189189189,2.69542
59600.0,116,16248,930.3534482758621,1.6355392E7,2.1953546308724827,2.15842
60000.0,92,16340,1041.7717391304348,1.6451235E7,2.193498,1.91686
60400.0,129,16469,1001.7596899224807,1.6580462E7,2.1960876821192055,2.58454
60800.0,128,16597,1042.4140625,1.6713891E7,2.199196184210526,2.66858
