time[ms],#packets last interval,#packets overall,overall avrg. packetsize [byte],overall sum packetsize [byte],overall thrp [Mb/s],thrp last interval [Mb/s]
0.0,0,0,NaN,0.0,NaN,NaN
400.0,68,68,1030.4264705882354,70069.0,1.40138,1.40138
800.0,74,142,1148.3108108108108,155044.0,1.55044,1.6995
1200.0,68,210,1017.1470588235294,224210.0,1.4947333333333332,1.38332
1600.0,71,281,1021.9295774647887,296767.0,1.483835,1.4511399999999999
2000.0,69,350,814.6376811594203,352977.0,1.411908,1.1242
2400.0,68,418,1048.4117647058824,424269.0,1.41423,1.42584
2800.0,66,484,967.1060606060606,488098.0,1.3945657142857142,1.27658
3200.0,68,552,922.9411764705883,550858.0,1.377145,1.2551999999999999
3600.0,80,632,1066.7,636194.0,1.4137644444444446,1.7067199999999998
4000.0,78,710,1044.076923076923,717632.0,1.435264,1.62876
4400.0,75,785,975.32,790781.0,1.4377836363636363,1.4629800000000002
4800.0,60,845,946.9333333333333,847597.0,1.4126616666666667,1.13632
5200.0,86,931,891.2558139534884,924245.0,1.4219153846153847,1.5329599999999999
5600.0,63,994,1047.6031746031747,990244.0,1.4146342857142857,1.3199800000000002
6000.0,84,1078,973.5238095238095,1072020.0,1.42936,1.63552
6400.0,68,1146,964.6176470588235,1137614.0,1.4220175,1.31188
6800.0,68,1214,995.1911764705883,1205287.0,1.417984705882353,1.3534599999999999
7200.0,76,1290,1011.1315789473684,1282133.0,1.4245922222222223,1.5369199999999998
7600.0,67,1357,905.5970149253732,1342808.0,1.4134821052631577,1.2135
8000.0,65,1422,955.5692307692308,1404920.0,1.40492,1.24224
8400.0,68,1490,1066.1176470588234,1477416.0,1.4070628571428572,1.44992
8800.0,64,1554,1192.296875,1553723.0,1.4124754545454545,1.52614
9200.0,61,1615,1063.1803278688524,1618577.0,1.4074582608695652,1.2970799999999998
9600.0,65,1680,913.3230769230769,1677943.0,1.3982858333333332,1.1873200000000002
10000.0,77,1757,1052.5064935064936,1758986.0,1.4071888,1.62086
10400.0,72,1829,934.9861111111111,1826305.0,1.40485,1.3463800000000001
10800.0,79,1908,987.2405063291139,1904297.0,1.4105903703703706,1.5598400000000001
11200.0,61,1969,933.7377049180328,1961255.0,1.4008964285714285,1.13916
11600.0,59,2028,950.1694915254237,2017315.0,1.391251724137931,1.1212
12000.0,67,2095,1114.134328358209,2091962.0,1.3946413333333332,1.4929400000000002
12400.0,80,2175,1004.575,2172328.0,1.401501935483871,1.60732
12800.0,70,2245,1062.857142857143,2246728.0,1.404205,1.488
13200.0,52,2297,1110.673076923077,2304483.0,1.3966563636363638,1.1551
13600.0,77,2374,983.922077922078,2380245.0,1.400144117647059,1.51524
14000.0,75,2449,1031.8133333333333,2457631.0,1.4043605714285714,1.54772
14400.0,71,2520,913.9295774647887,2522520.0,1.4014,1.29778
14800.0,64,2584,876.59375,2578622.0,1.3938497297297296,1.12204
15200.0,64,2648,951.96875,2639548.0,1.3892357894736842,1.21852
15600.0,67,2715,914.7910447761194,2700839.0,1.385045641025641,1.22582
16000.0,82,2797,918.829268292683,2776183.0,1.3880915,1.5068799999999998
16400.0,68,2865,1030.014705882353,2846224.0,1.3884019512195125,1.4008200000000002
16800.0,63,2928,1014.7142857142857,2910151.0,1.3857861904761906,1.27854
17200.0,81,3009,967.1234567901234,2988488.0,1.3899944186046513,1.56674
17600.0,73,3082,888.068493150685,3053317.0,1.3878713636363635,1.29658
18000.0,72,3154,895.4305555555555,3117788.0,1.3856835555555556,1.28942
18400.0,73,3227,918.6301369863014,3184848.0,1.3847165217391304,1.3412
18800.0,64,3291,950.0,3245648.0,1.3811268085106383,1.216
19200.0,66,3357,1043.5,3314519.0,1.3810495833333334,1.37742
19600.0,72,3429,998.6111111111111,3386419.0,1.382211836734694,1.4380000000000002
20000.0,53,3482,1005.377358490566,3439704.0,1.3758815999999998,1.0657
20400.0,58,3540,1038.948275862069,3499963.0,1.3725345098039214,1.2051800000000001
20800.0,59,3599,1124.542372881356,3566311.0,1.371658076923077,1.3269600000000001
21200.0,72,3671,963.8055555555555,3635705.0,1.3719641509433962,1.38788
21600.0,83,3754,1145.8192771084337,3730808.0,1.381780740740741,1.9020599999999999
22000.0,92,3846,1002.304347826087,3823020.0,1.390189090909091,1.84424
22400.0,74,3920,890.5945945945946,3888924.0,1.3889014285714287,1.3180800000000001
22800.0,90,4010,959.4777777777778,3975277.0,1.3948340350877193,1.72706
23200.0,72,4082,1037.486111111111,4049976.0,1.3965434482758623,1.49398
23600.0,55,4137,1008.5454545454545,4105446.0,1.3916766101694915,1.1094
24000.0,68,4205,866.8970588235294,4164395.0,1.3881316666666668,1.1789800000000001
24400.0,71,4276,1049.1690140845071,4238886.0,1.3897986885245903,1.48982
24800.0,72,4348,1039.763888888889,4313749.0,1.391531935483871,1.49726
25200.0,62,4410,980.1129032258065,4374516.0,1.388735238095238,1.21534
25600.0,81,4491,910.3086419753087,4448251.0,1.3900784375,1.4747
26000.0,81,4572,1000.6296296296297,4529302.0,1.3936313846153845,1.62102
26400.0,67,4639,981.3880597014926,4595055.0,1.3924409090909091,1.3150600000000001
26800.0,86,4725,1022.7906976744187,4683015.0,1.3979149253731344,1.7591999999999999
27200.0,80,4805,1020.2875,4764638.0,1.4013641176470588,1.63246
27600.0,80,4885,1050.9625,4848715.0,1.4054246376811594,1.68154
28000.0,74,4959,1001.0945945945946,4922796.0,1.4065131428571427,1.48162
28400.0,73,5032,979.7260273972603,4994316.0,1.406849577464789,1.4304000000000001
28800.0,68,5100,960.4705882352941,5059628.0,1.4054522222222223,1.3062399999999998
29200.0,70,5170,955.2142857142857,5126493.0,1.4045186301369863,1.3373
29600.0,87,5257,1027.1264367816093,5215853.0,1.40969,1.7872000000000001
30000.0,67,5324,1081.2238805970148,5288295.0,1.410212,1.4488400000000001
30400.0,70,5394,1042.4571428571428,5361267.0,1.4108597368421054,1.4594399999999998
30800.0,62,5456,968.3225806451613,5421303.0,1.4081306493506491,1.20072
31200.0,76,5532,953.8026315789474,5493792.0,1.4086646153846154,1.44978
31600.0,60,5592,1025.9166666666667,5555347.0,1.4064169620253164,1.2311
32000.0,76,5668,949.7105263157895,5627525.0,1.40688125,1.4435600000000002
32400.0,62,5730,1109.7903225806451,5696332.0,1.4065017283950618,1.37614
32800.0,86,5816,897.8488372093024,5773547.0,1.408182195121951,1.5443000000000002
33200.0,76,5892,1036.3684210526317,5852311.0,1.4101954216867472,1.57528
33600.0,97,5989,991.2680412371134,5948464.0,1.4163009523809524,1.92306
34000.0,81,6070,1019.9753086419753,6031082.0,1.4190781176470588,1.6523599999999998
34400.0,78,6148,1013.9102564102565,6110167.0,1.4209690697674418,1.5817
34800.0,62,6210,1051.241935483871,6175344.0,1.4196193103448276,1.30354
35200.0,81,6291,835.1234567901234,6242989.0,1.4188611363636365,1.3529
35600.0,98,6389,929.2755102040817,6334058.0,1.423383820224719,1.82138
36000.0,66,6455,948.560606060606,6396663.0,1.4214806666666666,1.2521
36400.0,77,6532,1080.6753246753246,6479875.0,1.4241483516483517,1.66424
36800.0,68,6600,1078.9117647058824,6553241.0,1.4246176086956523,1.46732
37200.0,77,6677,1067.2337662337663,6635418.0,1.426971612903226,1.6435400000000002
37600.0,60,6737,877.5833333333334,6688073.0,1.422994255319149,1.0531
38000.0,67,6804,985.3283582089553,6754090.0,1.4219136842105262,1.32034
38400.0,98,6902,985.5204081632653,6850671.0,1.427223125,1.9316200000000001
38800.0,68,6970,850.0,6908471.0,1.4244270103092782,1.156
39200.0,78,7048,1044.0,6989903.0,1.4265108163265305,1.62864
39600.0,75,7123,1017.8133333333334,7066239.0,1.4275230303030302,1.52672
40000.0,61,7184,896.0983606557377,7120901.0,1.4241802,1.09324
40400.0,85,7269,890.6,7196602.0,1.4250697029702968,1.5140200000000001
40800.0,57,7326,904.9824561403509,7248186.0,1.4212129411764707,1.03168
41200.0,77,7403,1086.1168831168832,7331817.0,1.4236537864077672,1.67262
41600.0,79,7482,1016.5316455696203,7412123.0,1.4254082692307692,1.60612
42000.0,67,7549,1048.7462686567164,7482389.0,1.4252169523809521,1.40532
42400.0,81,7630,1020.5679012345679,7565055.0,1.4273688679245284,1.6533200000000001
42800.0,69,7699,1056.7536231884058,7637971.0,1.4276581308411214,1.4583199999999998
43200.0,66,7765,929.1212121212121,7699293.0,1.425795,1.22644
43600.0,50,7815,1033.94,7750990.0,1.4222,1.03394
44000.0,67,7882,1071.3731343283582,7822772.0,1.422322181818182,1.43564
44400.0,77,7959,1030.922077922078,7902153.0,1.4238113513513513,1.5876199999999998
44800.0,76,8035,1041.1447368421052,7981280.0,1.4252285714285715,1.58254
45200.0,81,8116,933.925925925926,8056928.0,1.4260049557522125,1.51296
45600.0,78,8194,1016.6410256410256,8136226.0,1.4274080701754384,1.5859599999999998
46000.0,83,8277,988.566265060241,8218277.0,1.4292655652173911,1.64102
46400.0,64,8341,1025.984375,8283940.0,1.4282655172413792,1.31326
46800.0,41,8382,911.0975609756098,8321295.0,1.4224435897435896,0.7471
47200.0,75,8457,1016.7733333333333,8397553.0,1.42331406779661,1.52516
47600.0,61,8518,1005.0491803278688,8458861.0,1.4216573109243698,1.2261600000000001
48000.0,65,8583,1009.4,8524472.0,1.4207453333333333,1.31222
48400.0,84,8667,1041.7619047619048,8611980.0,1.4234677685950414,1.7501600000000002
48800.0,65,8732,1079.076923076923,8682120.0,1.423298360655738,1.4027999999999998
49200.0,62,8794,1048.225806451613,8747110.0,1.4222943089430893,1.2998
49600.0,83,8877,987.2530120481928,8829052.0,1.4240406451612901,1.63884
50000.0,71,8948,1063.281690140845,8904545.0,1.4247272,1.5098600000000002
50400.0,78,9026,1044.8333333333333,8986042.0,1.426355873015873,1.62994
50800.0,68,9094,963.7205882352941,9051575.0,1.4254448818897638,1.31066
51200.0,52,9146,1011.0769230769231,9104151.0,1.42252359375,1.05152
51600.0,84,9230,952.702380952381,9184178.0,1.423903565891473,1.60054
52000.0,61,9291,1001.1147540983607,9245246.0,1.4223455384615382,1.22136
52400.0,56,9347,907.125,9296045.0,1.4192435114503816,1.0159799999999999
52800.0,52,9399,1059.076923076923,9351117.0,1.4168359090909093,1.10144
53200.0,54,9453,888.2037037037037,9399080.0,1.4133954887218045,0.95926
53600.0,80,9533,953.9,9475392.0,1.4142376119402986,1.52624
54000.0,76,9609,987.4868421052631,9550441.0,1.4148801481481483,1.5009800000000002
54400.0,72,9681,974.0833333333334,9620575.0,1.4147904411764707,1.4026800000000001
54800.0,77,9758,963.9090909090909,9694796.0,1.4152986861313868,1.4844199999999999
55200.0,66,9824,946.2424242424242,9757248.0,1.4140939130434782,1.24904
55600.0,72,9896,977.4305555555555,9827623.0,1.4140464748201438,1.4074999999999998
56000.0,69,9965,952.8550724637681,9893370.0,1.4133385714285713,1.31494
56400.0,69,10034,986.8260869565217,9961461.0,1.4129731914893617,1.36182
56800.0,74,10108,956.0540540540541,1.0032209E7,1.4129871830985914,1.4149600000000002
57200.0,72,10180,1020.1527777777778,1.010566E7,1.413379020979021,1.46902
57600.0,77,10257,902.6103896103896,1.0175161E7,1.4132168055555554,1.3900199999999998
58000.0,65,10322,1049.246153846154,1.0243362E7,1.4128775172413792,1.36402
58400.0,70,10392,1109.5142857142857,1.0321028E7,1.4138394520547943,1.55332
58800.0,68,10460,987.2352941176471,1.038816E7,1.4133551020408164,1.3426399999999998
59200.0,61,10521,1050.6065573770493,1.0452247E7,1.4124658108108108,1.28174
59600.0,70,10591,958.6571428571428,1.0519353E7,1.4119936912751678,1.34212
60000.0,64,10655,985.984375,1.0582456E7,1.4109941333333333,1.2620600000000002
60400.0,75,10730,913.9733333333334,1.0651004E7,1.4107290066225167,1.37096
60800.0,67,10797,1029.358208955224,1.0719971E7,1.4105225,1.37934
