%=============================================================================================================================
% Result "thrp_SA4_DA1_AC2_ID_203_data__End". Wed Oct 05 12:27:06 CEST 2022.
%-----------------------------------------------------------------------------------------------------------------------------
% (0) time[ms] | (1) #packets last interval | (2) #packets overall | (3) overall avrg. packetsize [byte] | (4) overall sum packetsize [byte] | (5) overall thrp [Mb/s] | (6) thrp last interval [Mb/s]
%=============================================================================================================================
result_thrp_SA4_DA1_AC2_ID_203_data__End = [
0.0	0	0	NaN	0.0	NaN	NaN
400.0	1	1	213.0	213.0	0.00426	0.00426
800.0	0	1	NaN	213.0	0.00213	NaN
1200.0	0	1	NaN	213.0	0.00142	NaN
1600.0	0	1	NaN	213.0	0.001065	NaN
2000.0	0	1	NaN	213.0	8.52E-4	NaN
2400.0	0	1	NaN	213.0	7.1E-4	NaN
2800.0	0	1	NaN	213.0	6.085714285714286E-4	NaN
3200.0	0	1	NaN	213.0	5.325E-4	NaN
3600.0	0	1	NaN	213.0	4.733333333333333E-4	NaN
4000.0	1	2	415.0	628.0	0.001256	0.0083
4400.0	1	3	415.0	1043.0	0.0018963636363636366	0.0083
4800.0	0	3	NaN	1043.0	0.0017383333333333333	NaN
5200.0	0	3	NaN	1043.0	0.0016046153846153845	NaN
5600.0	0	3	NaN	1043.0	0.00149	NaN
6000.0	0	3	NaN	1043.0	0.0013906666666666668	NaN
6400.0	0	3	NaN	1043.0	0.00130375	NaN
6800.0	0	3	NaN	1043.0	0.0012270588235294116	NaN
7200.0	1	4	470.0	1513.0	0.001681111111111111	0.0094
7600.0	1	5	470.0	1983.0	0.0020873684210526316	0.0094
8000.0	0	5	NaN	1983.0	0.001983	NaN
8400.0	0	5	NaN	1983.0	0.0018885714285714287	NaN
8800.0	0	5	NaN	1983.0	0.0018027272727272727	NaN
9200.0	0	5	NaN	1983.0	0.0017243478260869564	NaN
9600.0	0	5	NaN	1983.0	0.0016525	NaN
10000.0	0	5	NaN	1983.0	0.0015864000000000002	NaN
10400.0	0	5	NaN	1983.0	0.0015253846153846153	NaN
10800.0	0	5	NaN	1983.0	0.001468888888888889	NaN
11200.0	0	5	NaN	1983.0	0.0014164285714285713	NaN
11600.0	0	5	NaN	1983.0	0.0013675862068965516	NaN
12000.0	0	5	NaN	1983.0	0.001322	NaN
12400.0	0	5	NaN	1983.0	0.0012793548387096774	NaN
12800.0	0	5	NaN	1983.0	0.001239375	NaN
13200.0	1	6	235.0	2218.0	0.0013442424242424242	0.0047
13600.0	0	6	NaN	2218.0	0.0013047058823529411	NaN
14000.0	1	7	235.0	2453.0	0.0014017142857142859	0.0047
14400.0	0	7	NaN	2453.0	0.0013627777777777779	NaN
14800.0	0	7	NaN	2453.0	0.001325945945945946	NaN
15200.0	0	7	NaN	2453.0	0.0012910526315789476	NaN
15600.0	1	8	176.0	2629.0	0.0013482051282051283	0.0035199999999999997
16000.0	1	9	176.0	2805.0	0.0014025	0.0035199999999999997
16400.0	1	10	99.0	2904.0	0.0014165853658536585	0.00198
16800.0	1	11	99.0	3003.0	0.00143	0.00198
17200.0	1	12	99.0	3102.0	0.0014427906976744187	0.00198
17600.0	0	12	NaN	3102.0	0.00141	NaN
18000.0	0	12	NaN	3102.0	0.0013786666666666667	NaN
18400.0	0	12	NaN	3102.0	0.001348695652173913	NaN
18800.0	0	12	NaN	3102.0	0.00132	NaN
19200.0	0	12	NaN	3102.0	0.0012925	NaN
19600.0	0	12	NaN	3102.0	0.0012661224489795917	NaN
20000.0	0	12	NaN	3102.0	0.0012408	NaN
20400.0	0	12	NaN	3102.0	0.0012164705882352941	NaN
20800.0	0	12	NaN	3102.0	0.001193076923076923	NaN
21200.0	0	12	NaN	3102.0	0.001170566037735849	NaN
21600.0	1	13	192.0	3294.0	0.00122	0.00384
22000.0	1	14	192.0	3486.0	0.0012676363636363638	0.00384
22400.0	1	15	372.0	3858.0	0.001377857142857143	0.0074399999999999996
22800.0	0	15	NaN	3858.0	0.0013536842105263157	NaN
23200.0	2	17	240.0	4338.0	0.0014958620689655173	0.009600000000000001
23600.0	1	18	108.0	4446.0	0.0015071186440677965	0.00216
24000.0	0	18	NaN	4446.0	0.001482	NaN
24400.0	0	18	NaN	4446.0	0.0014577049180327867	NaN
24800.0	0	18	NaN	4446.0	0.0014341935483870966	NaN
25200.0	0	18	NaN	4446.0	0.0014114285714285715	NaN
25600.0	0	18	NaN	4446.0	0.001389375	NaN
26000.0	0	18	NaN	4446.0	0.001368	NaN
26400.0	0	18	NaN	4446.0	0.0013472727272727273	NaN
26800.0	0	18	NaN	4446.0	0.0013271641791044776	NaN
27200.0	1	19	390.0	4836.0	0.0014223529411764705	0.0078
27600.0	1	20	390.0	5226.0	0.0015147826086956521	0.0078
28000.0	1	21	390.0	5616.0	0.0016045714285714285	0.0078
28400.0	1	22	311.0	5927.0	0.0016695774647887325	0.006220000000000001
28800.0	0	22	NaN	5927.0	0.0016463888888888889	NaN
29200.0	0	22	NaN	5927.0	0.001623835616438356	NaN
29600.0	0	22	NaN	5927.0	0.001601891891891892	NaN
30000.0	0	22	NaN	5927.0	0.0015805333333333332	NaN
30400.0	0	22	NaN	5927.0	0.001559736842105263	NaN
30800.0	0	22	NaN	5927.0	0.0015394805194805193	NaN
31200.0	0	22	NaN	5927.0	0.0015197435897435897	NaN
31600.0	0	22	NaN	5927.0	0.001500506329113924	NaN
32000.0	1	23	58.0	5985.0	0.00149625	0.00116
32400.0	1	24	58.0	6043.0	0.0014920987654320989	0.00116
32800.0	0	24	NaN	6043.0	0.0014739024390243904	NaN
33200.0	0	24	NaN	6043.0	0.001456144578313253	NaN
33600.0	0	24	NaN	6043.0	0.0014388095238095238	NaN
34000.0	0	24	NaN	6043.0	0.0014218823529411762	NaN
34400.0	0	24	NaN	6043.0	0.0014053488372093024	NaN
34800.0	0	24	NaN	6043.0	0.0013891954022988507	NaN
35200.0	0	24	NaN	6043.0	0.0013734090909090907	NaN
35600.0	0	24	NaN	6043.0	0.0013579775280898876	NaN
36000.0	0	24	NaN	6043.0	0.0013428888888888887	NaN
36400.0	0	24	NaN	6043.0	0.001328131868131868	NaN
36800.0	0	24	NaN	6043.0	0.0013136956521739133	NaN
37200.0	0	24	NaN	6043.0	0.0012995698924731182	NaN
37600.0	0	24	NaN	6043.0	0.0012857446808510638	NaN
38000.0	0	24	NaN	6043.0	0.0012722105263157893	NaN
38400.0	0	24	NaN	6043.0	0.0012589583333333335	NaN
38800.0	1	25	410.0	6453.0	0.001330515463917526	0.008199999999999999
39200.0	1	26	410.0	6863.0	0.0014006122448979592	0.008199999999999999
39600.0	1	27	410.0	7273.0	0.0014692929292929294	0.008199999999999999
40000.0	0	27	NaN	7273.0	0.0014546	NaN
40400.0	0	27	NaN	7273.0	0.00144019801980198	NaN
40800.0	0	27	NaN	7273.0	0.001426078431372549	NaN
41200.0	1	28	181.0	7454.0	0.001447378640776699	0.00362
41600.0	1	29	181.0	7635.0	0.0014682692307692307	0.00362
42000.0	1	30	181.0	7816.0	0.0014887619047619048	0.00362
42400.0	0	30	NaN	7816.0	0.0014747169811320756	NaN
42800.0	0	30	NaN	7816.0	0.0014609345794392523	NaN
43200.0	0	30	NaN	7816.0	0.0014474074074074075	NaN
43600.0	0	30	NaN	7816.0	0.0014341284403669725	NaN
44000.0	0	30	NaN	7816.0	0.0014210909090909092	NaN
44400.0	0	30	NaN	7816.0	0.0014082882882882884	NaN
44800.0	1	31	144.0	7960.0	0.0014214285714285715	0.00288
45200.0	1	32	144.0	8104.0	0.0014343362831858405	0.00288
45600.0	0	32	NaN	8104.0	0.0014217543859649123	NaN
46000.0	1	33	144.0	8248.0	0.0014344347826086956	0.00288
46400.0	0	33	NaN	8248.0	0.0014220689655172413	NaN
46800.0	0	33	NaN	8248.0	0.00140991452991453	NaN
47200.0	0	33	NaN	8248.0	0.0013979661016949151	NaN
47600.0	0	33	NaN	8248.0	0.001386218487394958	NaN
48000.0	0	33	NaN	8248.0	0.0013746666666666668	NaN
48400.0	0	33	NaN	8248.0	0.001363305785123967	NaN
48800.0	1	34	389.0	8637.0	0.0014159016393442622	0.0077800000000000005
49200.0	1	35	389.0	9026.0	0.0014676422764227641	0.0077800000000000005
49600.0	1	36	389.0	9415.0	0.0015185483870967741	0.0077800000000000005
50000.0	0	36	NaN	9415.0	0.0015064	NaN
50400.0	0	36	NaN	9415.0	0.0014944444444444445	NaN
50800.0	0	36	NaN	9415.0	0.0014826771653543309	NaN
51200.0	1	37	244.0	9659.0	0.00150921875	0.00488
51600.0	1	38	244.0	9903.0	0.0015353488372093023	0.00488
52000.0	1	39	244.0	10147.0	0.001561076923076923	0.00488
52400.0	0	39	NaN	10147.0	0.0015491603053435115	NaN
52800.0	0	39	NaN	10147.0	0.0015374242424242423	NaN
53200.0	0	39	NaN	10147.0	0.0015258646616541352	NaN
53600.0	0	39	NaN	10147.0	0.0015144776119402983	NaN
54000.0	0	39	NaN	10147.0	0.0015032592592592593	NaN
54400.0	0	39	NaN	10147.0	0.0014922058823529413	NaN
54800.0	0	39	NaN	10147.0	0.0014813138686131386	NaN
55200.0	0	39	NaN	10147.0	0.0014705797101449275	NaN
55600.0	0	39	NaN	10147.0	0.00146	NaN
56000.0	0	39	NaN	10147.0	0.0014495714285714285	NaN
56400.0	0	39	NaN	10147.0	0.0014392907801418439	NaN
56800.0	0	39	NaN	10147.0	0.0014291549295774649	NaN
57200.0	0	39	NaN	10147.0	0.0014191608391608392	NaN
57600.0	0	39	NaN	10147.0	0.0014093055555555556	NaN
