%=============================================================================================================================
% Result "thrp_SA4_DA1_AC2_ID_174_data__End". Wed Oct 05 12:27:06 CEST 2022.
%-----------------------------------------------------------------------------------------------------------------------------
% (0) time[ms] | (1) #packets last interval | (2) #packets overall | (3) overall avrg. packetsize [byte] | (4) overall sum packetsize [byte] | (5) overall thrp [Mb/s] | (6) thrp last interval [Mb/s]
%=============================================================================================================================
result_thrp_SA4_DA1_AC2_ID_174_data__End = [
0.0	0	0	NaN	0.0	NaN	NaN
400.0	0	0	NaN	0.0	0.0	NaN
800.0	0	0	NaN	0.0	0.0	NaN
1200.0	0	0	NaN	0.0	0.0	NaN
1600.0	0	0	NaN	0.0	0.0	NaN
2000.0	0	0	NaN	0.0	0.0	NaN
2400.0	0	0	NaN	0.0	0.0	NaN
2800.0	0	0	NaN	0.0	0.0	NaN
3200.0	0	0	NaN	0.0	0.0	NaN
3600.0	0	0	NaN	0.0	0.0	NaN
4000.0	0	0	NaN	0.0	0.0	NaN
4400.0	0	0	NaN	0.0	0.0	NaN
4800.0	0	0	NaN	0.0	0.0	NaN
5200.0	0	0	NaN	0.0	0.0	NaN
5600.0	0	0	NaN	0.0	0.0	NaN
6000.0	0	0	NaN	0.0	0.0	NaN
6400.0	0	0	NaN	0.0	0.0	NaN
6800.0	0	0	NaN	0.0	0.0	NaN
7200.0	0	0	NaN	0.0	0.0	NaN
7600.0	0	0	NaN	0.0	0.0	NaN
8000.0	0	0	NaN	0.0	0.0	NaN
8400.0	0	0	NaN	0.0	0.0	NaN
8800.0	0	0	NaN	0.0	0.0	NaN
9200.0	0	0	NaN	0.0	0.0	NaN
9600.0	0	0	NaN	0.0	0.0	NaN
10000.0	0	0	NaN	0.0	0.0	NaN
10400.0	0	0	NaN	0.0	0.0	NaN
10800.0	0	0	NaN	0.0	0.0	NaN
11200.0	0	0	NaN	0.0	0.0	NaN
11600.0	0	0	NaN	0.0	0.0	NaN
12000.0	0	0	NaN	0.0	0.0	NaN
12400.0	0	0	NaN	0.0	0.0	NaN
12800.0	0	0	NaN	0.0	0.0	NaN
13200.0	0	0	NaN	0.0	0.0	NaN
13600.0	0	0	NaN	0.0	0.0	NaN
14000.0	0	0	NaN	0.0	0.0	NaN
14400.0	0	0	NaN	0.0	0.0	NaN
14800.0	0	0	NaN	0.0	0.0	NaN
15200.0	0	0	NaN	0.0	0.0	NaN
15600.0	0	0	NaN	0.0	0.0	NaN
16000.0	0	0	NaN	0.0	0.0	NaN
16400.0	0	0	NaN	0.0	0.0	NaN
16800.0	0	0	NaN	0.0	0.0	NaN
17200.0	0	0	NaN	0.0	0.0	NaN
17600.0	0	0	NaN	0.0	0.0	NaN
18000.0	0	0	NaN	0.0	0.0	NaN
18400.0	0	0	NaN	0.0	0.0	NaN
18800.0	0	0	NaN	0.0	0.0	NaN
19200.0	0	0	NaN	0.0	0.0	NaN
19600.0	1	1	35.0	35.0	1.4285714285714285E-5	6.999999999999999E-4
20000.0	0	1	NaN	35.0	1.4E-5	NaN
20400.0	1	2	35.0	70.0	2.745098039215686E-5	6.999999999999999E-4
20800.0	0	2	NaN	70.0	2.6923076923076923E-5	NaN
21200.0	0	2	NaN	70.0	2.641509433962264E-5	NaN
21600.0	0	2	NaN	70.0	2.5925925925925925E-5	NaN
22000.0	1	3	35.0	105.0	3.818181818181819E-5	6.999999999999999E-4
22400.0	1	4	35.0	140.0	5.0E-5	6.999999999999999E-4
22800.0	0	4	NaN	140.0	4.9122807017543864E-5	NaN
23200.0	0	4	NaN	140.0	4.8275862068965517E-5	NaN
23600.0	0	4	NaN	140.0	4.745762711864407E-5	NaN
24000.0	0	4	NaN	140.0	4.666666666666667E-5	NaN
24400.0	0	4	NaN	140.0	4.590163934426229E-5	NaN
24800.0	0	4	NaN	140.0	4.516129032258064E-5	NaN
25200.0	1	5	35.0	175.0	5.555555555555555E-5	6.999999999999999E-4
25600.0	0	5	NaN	175.0	5.46875E-5	NaN
26000.0	0	5	NaN	175.0	5.384615384615385E-5	NaN
26400.0	0	5	NaN	175.0	5.303030303030303E-5	NaN
26800.0	1	6	35.0	210.0	6.268656716417911E-5	6.999999999999999E-4
27200.0	0	6	NaN	210.0	6.176470588235294E-5	NaN
27600.0	0	6	NaN	210.0	6.0869565217391306E-5	NaN
28000.0	0	6	NaN	210.0	6.0E-5	NaN
28400.0	0	6	NaN	210.0	5.9154929577464784E-5	NaN
28800.0	0	6	NaN	210.0	5.833333333333333E-5	NaN
29200.0	0	6	NaN	210.0	5.753424657534246E-5	NaN
29600.0	0	6	NaN	210.0	5.6756756756756757E-5	NaN
30000.0	0	6	NaN	210.0	5.6E-5	NaN
30400.0	0	6	NaN	210.0	5.5263157894736845E-5	NaN
30800.0	0	6	NaN	210.0	5.454545454545454E-5	NaN
31200.0	0	6	NaN	210.0	5.384615384615385E-5	NaN
31600.0	0	6	NaN	210.0	5.3164556962025316E-5	NaN
32000.0	0	6	NaN	210.0	5.25E-5	NaN
32400.0	0	6	NaN	210.0	5.185185185185185E-5	NaN
32800.0	0	6	NaN	210.0	5.121951219512195E-5	NaN
33200.0	0	6	NaN	210.0	5.060240963855422E-5	NaN
33600.0	0	6	NaN	210.0	5.0E-5	NaN
34000.0	0	6	NaN	210.0	4.941176470588235E-5	NaN
34400.0	0	6	NaN	210.0	4.883720930232558E-5	NaN
34800.0	0	6	NaN	210.0	4.8275862068965517E-5	NaN
35200.0	0	6	NaN	210.0	4.7727272727272724E-5	NaN
35600.0	0	6	NaN	210.0	4.719101123595506E-5	NaN
36000.0	0	6	NaN	210.0	4.666666666666667E-5	NaN
36400.0	0	6	NaN	210.0	4.615384615384615E-5	NaN
36800.0	0	6	NaN	210.0	4.5652173913043474E-5	NaN
37200.0	0	6	NaN	210.0	4.516129032258064E-5	NaN
37600.0	0	6	NaN	210.0	4.4680851063829794E-5	NaN
38000.0	0	6	NaN	210.0	4.421052631578947E-5	NaN
38400.0	0	6	NaN	210.0	4.375E-5	NaN
38800.0	0	6	NaN	210.0	4.3298969072164946E-5	NaN
39200.0	0	6	NaN	210.0	4.2857142857142856E-5	NaN
39600.0	0	6	NaN	210.0	4.242424242424243E-5	NaN
40000.0	0	6	NaN	210.0	4.2E-5	NaN
40400.0	1	7	35.0	245.0	4.851485148514852E-5	6.999999999999999E-4
40800.0	0	7	NaN	245.0	4.803921568627451E-5	NaN
41200.0	0	7	NaN	245.0	4.757281553398058E-5	NaN
41600.0	0	7	NaN	245.0	4.711538461538461E-5	NaN
42000.0	0	7	NaN	245.0	4.666666666666667E-5	NaN
42400.0	0	7	NaN	245.0	4.622641509433962E-5	NaN
42800.0	0	7	NaN	245.0	4.579439252336449E-5	NaN
43200.0	0	7	NaN	245.0	4.5370370370370374E-5	NaN
43600.0	0	7	NaN	245.0	4.4954128440366975E-5	NaN
44000.0	0	7	NaN	245.0	4.454545454545455E-5	NaN
44400.0	0	7	NaN	245.0	4.414414414414414E-5	NaN
44800.0	0	7	NaN	245.0	4.375E-5	NaN
45200.0	0	7	NaN	245.0	4.336283185840708E-5	NaN
45600.0	0	7	NaN	245.0	4.2982456140350876E-5	NaN
46000.0	0	7	NaN	245.0	4.2608695652173916E-5	NaN
46400.0	0	7	NaN	245.0	4.224137931034482E-5	NaN
46800.0	0	7	NaN	245.0	4.188034188034188E-5	NaN
47200.0	0	7	NaN	245.0	4.152542372881356E-5	NaN
47600.0	0	7	NaN	245.0	4.11764705882353E-5	NaN
48000.0	0	7	NaN	245.0	4.0833333333333334E-5	NaN
48400.0	0	7	NaN	245.0	4.049586776859504E-5	NaN
48800.0	0	7	NaN	245.0	4.016393442622951E-5	NaN
49200.0	1	8	35.0	280.0	4.552845528455285E-5	6.999999999999999E-4
49600.0	0	8	NaN	280.0	4.516129032258064E-5	NaN
50000.0	0	8	NaN	280.0	4.48E-5	NaN
50400.0	0	8	NaN	280.0	4.444444444444444E-5	NaN
50800.0	0	8	NaN	280.0	4.409448818897638E-5	NaN
51200.0	0	8	NaN	280.0	4.375E-5	NaN
51600.0	0	8	NaN	280.0	4.341085271317829E-5	NaN
52000.0	0	8	NaN	280.0	4.307692307692307E-5	NaN
52400.0	0	8	NaN	280.0	4.274809160305344E-5	NaN
52800.0	0	8	NaN	280.0	4.242424242424243E-5	NaN
53200.0	0	8	NaN	280.0	4.210526315789473E-5	NaN
53600.0	0	8	NaN	280.0	4.1791044776119404E-5	NaN
54000.0	0	8	NaN	280.0	4.148148148148148E-5	NaN
54400.0	0	8	NaN	280.0	4.11764705882353E-5	NaN
54800.0	0	8	NaN	280.0	4.0875912408759126E-5	NaN
55200.0	0	8	NaN	280.0	4.0579710144927535E-5	NaN
55600.0	0	8	NaN	280.0	4.028776978417266E-5	NaN
56000.0	0	8	NaN	280.0	4.0E-5	NaN
56400.0	0	8	NaN	280.0	3.971631205673759E-5	NaN
56800.0	0	8	NaN	280.0	3.9436619718309865E-5	NaN
57200.0	0	8	NaN	280.0	3.916083916083917E-5	NaN
57600.0	0	8	NaN	280.0	3.888888888888889E-5	NaN
58000.0	0	8	NaN	280.0	3.862068965517241E-5	NaN
58400.0	0	8	NaN	280.0	3.835616438356165E-5	NaN
58800.0	0	8	NaN	280.0	3.80952380952381E-5	NaN
59200.0	0	8	NaN	280.0	3.7837837837837835E-5	NaN
59600.0	0	8	NaN	280.0	3.7583892617449664E-5	NaN
60000.0	0	8	NaN	280.0	3.733333333333334E-5	NaN
60400.0	0	8	NaN	280.0	3.708609271523179E-5	NaN
60800.0	0	8	NaN	280.0	3.684210526315789E-5	NaN
]; % Wed Oct 05 12:27:41 CEST 2022
