%=============================================================================================================================
% Result "thrp_SA4_DA1_AC2_ID_116_data__End". Wed Oct 05 12:27:06 CEST 2022.
%-----------------------------------------------------------------------------------------------------------------------------
% (0) time[ms] | (1) #packets last interval | (2) #packets overall | (3) overall avrg. packetsize [byte] | (4) overall sum packetsize [byte] | (5) overall thrp [Mb/s] | (6) thrp last interval [Mb/s]
%=============================================================================================================================
result_thrp_SA4_DA1_AC2_ID_116_data__End = [
0.0	0	0	NaN	0.0	NaN	NaN
400.0	72	72	1168.611111111111	84140.0	1.6828	1.6828
800.0	71	143	1153.0704225352113	166008.0	1.66008	1.63736
1200.0	77	220	1215.2077922077922	259579.0	1.7305266666666668	1.87142
1600.0	81	301	1039.9876543209878	343818.0	1.71909	1.6847800000000002
2000.0	88	389	1199.1136363636363	449340.0	1.79736	2.1104399999999996
2400.0	76	465	1144.9868421052631	536359.0	1.7878633333333334	1.74038
2800.0	72	537	1117.7916666666667	616840.0	1.7624	1.60962
3200.0	65	602	1478.3846153846155	712935.0	1.7823375	1.9219
3600.0	63	665	1135.1904761904761	784452.0	1.7432266666666667	1.43034
4000.0	69	734	1273.2753623188405	872308.0	1.744616	1.75712
4400.0	64	798	1330.359375	957451.0	1.74082	1.7028599999999998
4800.0	79	877	1157.4177215189873	1048887.0	1.748145	1.8287200000000001
5200.0	64	941	1143.359375	1122062.0	1.7262492307692308	1.4635
5600.0	75	1016	1148.5466666666666	1208203.0	1.7260042857142857	1.72282
6000.0	65	1081	1001.0615384615385	1273272.0	1.697696	1.30138
6400.0	75	1156	1106.1333333333334	1356232.0	1.69529	1.6592000000000005
6800.0	81	1237	1147.6913580246915	1449195.0	1.7049352941176472	1.8592600000000004
7200.0	65	1302	1094.0307692307692	1520307.0	1.68923	1.42224
7600.0	67	1369	1068.8059701492537	1591917.0	1.6757021052631578	1.4322
8000.0	64	1433	1176.9375	1667241.0	1.667241	1.50648
8400.0	77	1510	1216.3376623376623	1760899.0	1.6770466666666666	1.8731600000000002
8800.0	71	1581	1097.4929577464789	1838821.0	1.6716554545454545	1.55844
9200.0	68	1649	1358.5882352941176	1931205.0	1.6793086956521739	1.84768
9600.0	73	1722	1032.1780821917807	2006554.0	1.6721283333333332	1.50698
10000.0	73	1795	1011.082191780822	2080363.0	1.6642904	1.47618
10400.0	80	1875	1166.8625	2173712.0	1.6720861538461538	1.86698
10800.0	73	1948	1058.109589041096	2250954.0	1.6673733333333332	1.5448400000000002
11200.0	88	2036	1158.0681818181818	2352864.0	1.680617142857143	2.0382
11600.0	80	2116	1138.9	2443976.0	1.6855006896551723	1.8222399999999999
12000.0	55	2171	1148.2181818181818	2507128.0	1.6714186666666668	1.26304
12400.0	63	2234	1139.952380952381	2578945.0	1.6638354838709677	1.4363400000000002
12800.0	67	2301	1246.1044776119404	2662434.0	1.66402125	1.6697800000000003
13200.0	71	2372	1271.112676056338	2752683.0	1.6682927272727273	1.80498
13600.0	74	2446	1123.054054054054	2835789.0	1.6681111764705883	1.6621199999999998
14000.0	73	2519	1122.986301369863	2917767.0	1.6672954285714285	1.63956
14400.0	88	2607	1089.3181818181818	3013627.0	1.6742372222222222	1.9172
14800.0	65	2672	1238.1538461538462	3094107.0	1.6724902702702702	1.6096
15200.0	88	2760	1204.3181818181818	3200087.0	1.6842563157894737	2.1196
15600.0	75	2835	1151.0666666666666	3286417.0	1.6853420512820512	1.7266000000000001
16000.0	70	2905	1267.4285714285713	3375137.0	1.6875685	1.7744
16400.0	62	2967	1172.8225806451612	3447852.0	1.681879024390244	1.4543
16800.0	84	3051	1194.595238095238	3548198.0	1.6896180952380955	2.00692
17200.0	70	3121	1137.1142857142856	3627796.0	1.6873469767441862	1.59196
17600.0	68	3189	1296.8676470588234	3715983.0	1.689083181818182	1.76374
18000.0	75	3264	1130.32	3800757.0	1.6892253333333334	1.69548
18400.0	68	3332	1201.2794117647059	3882444.0	1.6880191304347827	1.63374
18800.0	74	3406	1244.8243243243244	3974561.0	1.6913025531914894	1.84234
19200.0	84	3490	1120.2142857142858	4068659.0	1.6952745833333334	1.88196
19600.0	65	3555	1208.6153846153845	4147219.0	1.692742448979592	1.5712000000000002
20000.0	70	3625	1391.7285714285715	4244640.0	1.697856	1.9484199999999998
20400.0	92	3717	1036.6847826086957	4340015.0	1.7019666666666668	1.9075000000000002
20800.0	84	3801	1083.0595238095239	4430992.0	1.7042276923076922	1.81954
21200.0	73	3874	1195.7260273972602	4518280.0	1.7050113207547168	1.7457599999999998
21600.0	67	3941	1113.55223880597	4592888.0	1.7010696296296297	1.49216
22000.0	53	3994	1056.8301886792453	4648900.0	1.6905090909090907	1.12024
22400.0	73	4067	1136.4109589041095	4731858.0	1.6899492857142857	1.65916
22800.0	51	4118	1034.450980392157	4784615.0	1.6788122807017545	1.05514
23200.0	61	4179	1143.4426229508197	4854365.0	1.6739189655172413	1.395
23600.0	78	4257	1237.4358974358975	4950885.0	1.6782661016949152	1.9304
24000.0	71	4328	1143.380281690141	5032065.0	1.677355	1.6236000000000002
24400.0	73	4401	1165.890410958904	5117175.0	1.6777622950819673	1.7022000000000002
24800.0	69	4470	1121.2753623188405	5194543.0	1.6756590322580645	1.54736
25200.0	87	4557	1125.4022988505747	5292453.0	1.6801438095238095	1.9582
25600.0	59	4616	1201.4237288135594	5363337.0	1.6760428125	1.41768
26000.0	62	4678	1120.8225806451612	5432828.0	1.6716393846153847	1.3898199999999998
26400.0	80	4758	1193.25	5528288.0	1.6752387878787878	1.9092
26800.0	58	4816	1052.3275862068965	5589323.0	1.6684546268656715	1.2207
27200.0	63	4879	1043.7936507936508	5655082.0	1.6632594117647057	1.31518
27600.0	68	4947	1143.2205882352941	5732821.0	1.6616872463768115	1.55478
28000.0	64	5011	1136.03125	5805527.0	1.658722	1.45412
28400.0	68	5079	1040.8088235294117	5876302.0	1.6552963380281691	1.4155000000000002
28800.0	65	5144	1145.0307692307692	5950729.0	1.6529802777777778	1.48854
29200.0	77	5221	1030.6883116883116	6030092.0	1.65208	1.5872600000000001
29600.0	60	5281	1219.7	6103274.0	1.6495335135135136	1.4636399999999998
30000.0	79	5360	1171.0506329113923	6195787.0	1.6522098666666667	1.85026
30400.0	90	5450	1077.9222222222222	6292800.0	1.656	1.94026
30800.0	76	5526	1166.1184210526317	6381425.0	1.657512987012987	1.7725
31200.0	78	5604	1220.179487179487	6476599.0	1.6606664102564102	1.9034799999999996
31600.0	75	5679	1178.2133333333334	6564965.0	1.6620164556962023	1.76732
32000.0	76	5755	1107.9473684210527	6649169.0	1.66229225	1.68408
32400.0	70	5825	1056.1	6723096.0	1.6600237037037036	1.4785400000000002
32800.0	75	5900	1043.6133333333332	6801367.0	1.65887	1.5654199999999996
33200.0	72	5972	1173.7222222222222	6885875.0	1.6592469879518075	1.69016
33600.0	65	6037	1098.5230769230768	6957279.0	1.656495	1.42808
34000.0	60	6097	1256.3833333333334	7032662.0	1.654744	1.50766
34400.0	75	6172	1040.7333333333333	7110717.0	1.6536551162790698	1.5611
34800.0	75	6247	1325.44	7210125.0	1.6575	1.98816
35200.0	64	6311	1072.296875	7278752.0	1.654261818181818	1.3725399999999999
35600.0	63	6374	1242.8412698412699	7357051.0	1.6532698876404495	1.56598
36000.0	80	6454	1105.4125	7445484.0	1.654552	1.76866
36400.0	69	6523	1105.608695652174	7521771.0	1.6531364835164835	1.5257399999999999
36800.0	61	6584	1290.0	7600461.0	1.6522741304347826	1.5737999999999999
37200.0	72	6656	1148.736111111111	7683170.0	1.652294623655914	1.6541800000000002
37600.0	78	6734	1199.8589743589744	7776759.0	1.654629574468085	1.8717800000000002
38000.0	77	6811	1161.6883116883116	7866209.0	1.656044	1.7890000000000001
38400.0	64	6875	1014.96875	7931167.0	1.6523264583333332	1.29916
38800.0	91	6966	1118.1978021978023	8032923.0	1.6562727835051545	2.03512
39200.0	80	7046	1165.1875	8126138.0	1.6583955102040817	1.8643
39600.0	69	7115	1159.0869565217392	8206115.0	1.65780101010101	1.5995400000000004
40000.0	72	7187	1167.5555555555557	8290179.0	1.6580358	1.68128
40400.0	63	7250	1105.7936507936508	8359844.0	1.6554146534653467	1.3933
40800.0	80	7330	1162.1375	8452815.0	1.657414705882353	1.85942
