%=============================================================================================================================
% Result "thrp_SA3_DA1_AC2_ID_87_data__End". Wed Oct 05 12:27:06 CEST 2022.
%-----------------------------------------------------------------------------------------------------------------------------
% (0) time[ms] | (1) #packets last interval | (2) #packets overall | (3) overall avrg. packetsize [byte] | (4) overall sum packetsize [byte] | (5) overall thrp [Mb/s] | (6) thrp last interval [Mb/s]
%=============================================================================================================================
result_thrp_SA3_DA1_AC2_ID_87_data__End = [
0.0	0	0	NaN	0.0	NaN	NaN
400.0	86	86	882.453488372093	75891.0	1.51782	1.51782
800.0	76	162	957.3157894736842	148647.0	1.48647	1.45512
1200.0	80	242	958.95	225363.0	1.50242	1.5343200000000001
1600.0	78	320	1004.3205128205128	303700.0	1.5185	1.56674
2000.0	73	393	1097.3287671232877	383805.0	1.53522	1.6020999999999999
2400.0	86	479	923.2558139534884	463205.0	1.5440166666666668	1.588
2800.0	92	571	1003.0869565217391	555489.0	1.5871114285714287	1.8456800000000002
3200.0	83	654	1017.6867469879518	639957.0	1.5998925	1.68936
3600.0	87	741	901.8850574712644	718421.0	1.5964911111111113	1.56928
4000.0	76	817	868.2105263157895	784405.0	1.56881	1.31968
4400.0	74	891	1099.7432432432433	865786.0	1.5741563636363638	1.6276199999999998
4800.0	86	977	1023.1395348837209	953776.0	1.5896266666666667	1.7598
5200.0	87	1064	990.6896551724138	1039966.0	1.5999476923076923	1.7238
5600.0	81	1145	1021.679012345679	1122722.0	1.6038885714285713	1.65512
6000.0	86	1231	974.6046511627907	1206538.0	1.6087173333333333	1.67632
6400.0	85	1316	1081.8823529411766	1298498.0	1.6231225	1.8392000000000004
6800.0	73	1389	1104.2876712328766	1379111.0	1.6224835294117648	1.61226
7200.0	84	1473	1060.0833333333333	1468158.0	1.6312866666666668	1.78094
7600.0	102	1575	1024.549019607843	1572662.0	1.6554336842105264	2.09008
8000.0	88	1663	1095.2954545454545	1669048.0	1.669048	1.9277199999999999
8400.0	76	1739	1009.1578947368421	1745744.0	1.6626133333333333	1.53392
8800.0	84	1823	960.0833333333334	1826391.0	1.6603554545454544	1.61294
9200.0	80	1903	954.5875	1902758.0	1.6545721739130435	1.5273400000000001
9600.0	96	1999	1031.9166666666667	2001822.0	1.668185	1.98128
10000.0	84	2083	938.3333333333334	2080642.0	1.6645136	1.5764
10400.0	85	2168	917.9058823529411	2158664.0	1.6605107692307692	1.5604399999999998
10800.0	76	2244	1007.578947368421	2235240.0	1.6557333333333333	1.53152
11200.0	76	2320	1019.6973684210526	2312737.0	1.651955	1.5499399999999999
11600.0	89	2409	945.2808988764045	2396867.0	1.653011724137931	1.6825999999999999
12000.0	90	2499	1118.5444444444445	2497536.0	1.665024	2.0133799999999997
12400.0	80	2579	993.8375	2577043.0	1.662608387096774	1.5901399999999999
12800.0	80	2659	1049.275	2660985.0	1.663115625	1.67884
13200.0	88	2747	1015.375	2750338.0	1.6668715151515152	1.78706
13600.0	77	2824	1022.7012987012987	2829086.0	1.6641682352941178	1.57496
14000.0	76	2900	1026.5	2907100.0	1.6612	1.5602800000000001
14400.0	81	2981	950.1481481481482	2984062.0	1.6578122222222222	1.53924
14800.0	86	3067	1083.3488372093022	3077230.0	1.6633675675675677	1.8633600000000001
15200.0	78	3145	929.0	3149692.0	1.6577326315789473	1.44924
15600.0	82	3227	1039.2926829268292	3234914.0	1.6589302564102562	1.7044400000000002
16000.0	77	3304	951.4025974025974	3308172.0	1.654086	1.46516
16400.0	91	3395	1003.978021978022	3399534.0	1.658309268292683	1.82724
16800.0	75	3470	1028.04	3476637.0	1.6555414285714285	1.5420600000000002
17200.0	82	3552	986.9634146341464	3557568.0	1.6546827906976742	1.61862
17600.0	78	3630	1121.3974358974358	3645037.0	1.656835	1.74938
18000.0	92	3722	971.2826086956521	3734395.0	1.6597311111111113	1.78716
18400.0	92	3814	955.3695652173913	3822289.0	1.6618647826086956	1.75788
18800.0	81	3895	1034.7777777777778	3906106.0	1.6621727659574468	1.6763400000000002
19200.0	70	3965	1052.1	3979753.0	1.6582304166666668	1.4729400000000001
19600.0	85	4050	1054.4	4069377.0	1.6609702040816328	1.7924800000000003
20000.0	88	4138	915.1477272727273	4149910.0	1.659964	1.6106599999999998
20400.0	76	4214	996.921052631579	4225676.0	1.657127843137255	1.51532
20800.0	83	4297	963.1204819277109	4305615.0	1.6560057692307693	1.5987799999999999
21200.0	83	4380	980.3253012048193	4386982.0	1.6554649056603774	1.6273399999999998
21600.0	75	4455	968.92	4459651.0	1.6517225925925927	1.45338
22000.0	90	4545	985.9888888888889	4548390.0	1.65396	1.77478
22400.0	83	4628	1046.5903614457832	4635257.0	1.6554489285714284	1.73734
22800.0	96	4724	1038.6145833333333	4734964.0	1.6613908771929824	1.99414
23200.0	81	4805	1090.8395061728395	4823322.0	1.6632144827586208	1.76716
23600.0	87	4892	976.6666666666666	4908292.0	1.6638277966101696	1.6994
24000.0	99	4991	951.7272727272727	5002513.0	1.6675043333333333	1.88442
24400.0	81	5072	985.7283950617284	5082357.0	1.6663465573770493	1.59688
24800.0	80	5152	1070.3875	5167988.0	1.6670929032258064	1.71262
25200.0	82	5234	989.0	5249086.0	1.6663765079365078	1.62196
25600.0	81	5315	1046.6172839506173	5333862.0	1.666831875	1.6955200000000001
26000.0	84	5399	1064.6309523809523	5423291.0	1.668704923076923	1.7885799999999998
26400.0	78	5477	963.9230769230769	5498477.0	1.6662051515151517	1.50372
26800.0	83	5560	996.3493975903615	5581174.0	1.6660220895522388	1.6539400000000002
27200.0	78	5638	1075.5	5665063.0	1.666195	1.67778
27600.0	79	5717	937.8987341772151	5739157.0	1.6635237681159418	1.4818799999999999
28000.0	92	5809	986.2282608695652	5829890.0	1.665682857142857	1.81466
28400.0	83	5892	1122.7710843373493	5923080.0	1.6684732394366197	1.8637999999999997
28800.0	84	5976	1164.7261904761904	6020917.0	1.6724769444444443	1.9567399999999995
29200.0	83	6059	962.4096385542168	6100797.0	1.6714512328767122	1.5976000000000001
29600.0	71	6130	1053.1690140845071	6175572.0	1.6690735135135133	1.4954999999999998
30000.0	73	6203	1054.4520547945206	6252547.0	1.6673458666666667	1.5395
30400.0	68	6271	973.0588235294117	6318715.0	1.6628197368421052	1.32336
30800.0	82	6353	1035.1829268292684	6403600.0	1.6632727272727272	1.6977
31200.0	74	6427	973.418918918919	6475633.0	1.660418717948718	1.44066
31600.0	85	6512	1052.3764705882354	6565085.0	1.662046835443038	1.7890400000000004
32000.0	78	6590	983.9358974358975	6641832.0	1.660458	1.53494
32400.0	86	6676	1119.0348837209303	6738069.0	1.6637207407407406	1.9247400000000003
32800.0	79	6755	1059.4556962025317	6821766.0	1.6638453658536585	1.67394
33200.0	81	6836	909.1358024691358	6895406.0	1.6615436144578315	1.4727999999999999
33600.0	78	6914	924.7051282051282	6967533.0	1.6589364285714285	1.44254
34000.0	80	6994	1034.4625	7050290.0	1.6588917647058825	1.6551399999999998
34400.0	78	7072	979.2692307692307	7126673.0	1.6573658139534884	1.52766
34800.0	82	7154	958.5487804878048	7205274.0	1.6563848275862068	1.5720200000000002
35200.0	99	7253	984.8282828282828	7302772.0	1.659720909090909	1.94996
35600.0	77	7330	904.6623376623377	7372431.0	1.6567260674157303	1.39318
36000.0	83	7413	967.2168674698795	7452710.0	1.6561577777777778	1.60558
36400.0	80	7493	968.875	7530220.0	1.6549934065934067	1.5501999999999998
36800.0	92	7585	871.5652173913044	7610404.0	1.654435652173913	1.6036800000000002
37200.0	83	7668	853.6746987951807	7681259.0	1.6518836559139787	1.4171
37600.0	98	7766	937.9387755102041	7773177.0	1.6538674468085106	1.83836
38000.0	85	7851	903.5764705882353	7849981.0	1.6526275789473683	1.53608
38400.0	79	7930	963.8607594936709	7926126.0	1.65127625	1.5229000000000001
38800.0	77	8007	939.7402597402597	7998486.0	1.6491723711340207	1.4471999999999998
39200.0	67	8074	976.1940298507462	8063891.0	1.6456920408163265	1.3081
39600.0	86	8160	970.6395348837209	8147366.0	1.6459325252525252	1.6694999999999998
40000.0	96	8256	996.8229166666666	8243061.0	1.6486121999999999	1.9139
