%=============================================================================================================================
% Result "total_offer". Wed Oct 05 12:27:05 CEST 2022.
%-----------------------------------------------------------------------------------------------------------------------------
% (0) time[ms] | (1) #packets last interval | (2) #packets overall | (3) overall avrg. packetsize [byte] | (4) overall sum packetsize [byte] | (5) overall offer [Mb/s] | (6) offer last interval [Mb/s]
%=============================================================================================================================
result_total_offer = [
0.0	0	0	NaN	0.0	NaN	NaN
400.0	3894	3894	1004.623009758603	3912002.0	78.24004	78.24004000000001
800.0	3926	7820	1030.965359144167	7959572.0	79.59572	80.95139999999999
1200.0	3813	11633	1019.7629163388408	1.1847928E7	78.98618666666665	77.76712
1600.0	3832	15465	1010.5018267223383	1.5720171E7	78.600855	77.44486
2000.0	3782	19247	1018.0425700687467	1.9570408E7	78.281632	77.00474
2400.0	3948	23195	1029.189969604863	2.363365E7	78.77883333333332	81.26483999999999
2800.0	3888	27083	1042.3654835390946	2.7686367E7	79.10390571428572	81.05434000000001
3200.0	3926	31009	1005.064187468161	3.1632249E7	79.0806225	78.91764
3600.0	3815	34824	1021.1208387942332	3.5527825E7	78.95072222222223	77.91152
4000.0	3923	38747	1031.8080550599032	3.9575608E7	79.151216	80.95566
4400.0	3937	42684	1015.6875793751587	4.357437E7	79.22612727272728	79.97524
4800.0	3924	46608	1020.2838939857288	4.7577964E7	79.29660666666668	80.07188
5200.0	3854	50462	1023.9984431759211	5.1524454E7	79.26839076923076	78.9298
5600.0	3846	54308	1017.8380135205408	5.5439059E7	79.19865571428572	78.2921
6000.0	3822	58130	1023.6007326007326	5.9351261E7	79.13501466666668	78.24404
6400.0	3892	62022	1015.2677286742035	6.3302683E7	79.12835375	79.02844
6800.0	3866	65888	1011.1210553543715	6.7211677E7	79.07256117647057	78.17988
7200.0	3885	69773	1015.8380952380952	7.1158208E7	79.06467555555555	78.93061999999999
7600.0	3835	73608	1018.9082138200782	7.5065721E7	79.01654842105263	78.15026
8000.0	3827	77435	1018.6357460151555	7.896404E7	78.96404	77.96638
8400.0	3836	81271	1026.9825338894682	8.2903545E7	78.95575714285714	78.7901
8800.0	3825	85096	1009.3035294117647	8.6764131E7	78.87648272727273	77.21172
9200.0	3893	88989	1021.451066015926	9.074064E7	78.90490434782609	79.53018
9600.0	3891	92880	1024.7250064250836	9.4727845E7	78.93987083333333	79.7441
10000.0	3881	96761	1031.6544704972946	9.8731696E7	78.98535679999999	80.07702
10400.0	3845	100606	1022.88244473342	1.02664679E8	78.97283	78.65966
10800.0	3849	104455	1017.2987789036114	1.06580262E8	78.94834222222222	78.31165999999999
11200.0	3800	108255	1035.4305263157894	1.10514898E8	78.93921285714286	78.69271999999998
11600.0	3792	112047	1013.273470464135	1.14357231E8	78.86705586206897	76.84666
12000.0	3872	115919	1023.8478822314049	1.1832157E8	78.88104666666666	79.28678
12400.0	3819	119738	1021.1034302173343	1.22221164E8	78.85236387096775	77.99188
12800.0	3898	123636	1021.0061570035916	1.26201046E8	78.87565375	79.59764
13200.0	3884	127520	1041.5478887744594	1.30246418E8	78.93722303030303	80.90744000000001
13600.0	3846	131366	1014.9126365054602	1.34149772E8	78.91163058823528	78.06708
14000.0	3855	135221	1018.9138780804151	1.38077685E8	78.90153428571428	78.55826
14400.0	3797	139018	1020.1830392415064	1.4195132E8	78.86184444444444	77.4727
14800.0	3900	142918	1019.9497435897435	1.45929124E8	78.88060756756757	79.55608
15200.0	3924	146842	1020.9322120285423	1.49935262E8	78.91329578947368	80.12276
15600.0	3910	150752	1028.9322250639386	1.53958387E8	78.95301897435898	80.4625
16000.0	3826	154578	1010.28593831678	1.57823741E8	78.9118705	77.30708
16400.0	3798	158376	1023.6269088994208	1.61711476E8	78.88364682926829	77.7547
16800.0	3765	162141	1010.120849933599	1.65514581E8	78.81646714285715	76.0621
17200.0	3951	166092	1017.7858769931663	1.69535853E8	78.85388511627906	80.42544
17600.0	3791	169883	1020.2413611184384	1.73403588E8	78.81981272727273	77.35470000000001
18000.0	3875	173758	1027.1651612903227	1.77383853E8	78.837268	79.60530000000001
18400.0	3820	177578	1022.2840314136125	1.81288978E8	78.82129478260869	78.10249999999999
18800.0	3930	181508	1011.521882951654	1.85264259E8	78.83585489361703	79.50562
19200.0	3934	185442	1004.1855617691916	1.89214725E8	78.83946875	79.00932
19600.0	3898	189340	1019.8394048229861	1.93190059E8	78.85308530612245	79.50668
20000.0	3908	193248	1026.9726202661209	1.97203468E8	78.8813872	80.26818
20400.0	3829	197077	1022.8446069469835	2.0111994E8	78.87056470588236	78.32944
20800.0	3927	201004	1021.6195569136746	2.0513184E8	78.89686153846154	80.238
21200.0	3965	204969	995.6378310214376	2.09079544E8	78.89794113207547	78.95408
21600.0	3891	208860	1022.1917244924184	2.13056892E8	78.90996	79.54696
22000.0	3828	212688	1019.9043887147335	2.16961086E8	78.89494036363637	78.08388
22400.0	3831	216519	1014.1991647089533	2.20846483E8	78.87374392857143	77.70794000000001
22800.0	3889	220408	1018.7765492414502	2.24808505E8	78.88017719298246	79.24044
23200.0	3941	224349	1052.481603653895	2.28956335E8	78.95046034482759	82.95660000000001
23600.0	3744	228093	1017.105235042735	2.32764377E8	78.9031786440678	76.16084
24000.0	3790	231883	1003.9076517150396	2.36569187E8	78.85639566666666	76.0962
24400.0	3891	235774	1028.958365458751	2.40572864E8	78.87634885245903	80.07354
24800.0	3833	239607	1003.9718236368379	2.44421088E8	78.8455122580645	76.96448000000001
25200.0	3870	243477	1017.0609819121447	2.48357114E8	78.84352825396826	78.72052
25600.0	3732	247209	1012.5927116827438	2.5213611E8	78.792534375	75.57992
26000.0	3872	251081	1027.5185950413222	2.56114662E8	78.80451138461538	79.57104
26400.0	3832	254913	1016.0159185803758	2.60008035E8	78.79031363636362	77.86746
26800.0	3869	258782	1039.9444300852933	2.6403158E8	78.81539701492538	80.4709
27200.0	3979	262761	1007.4488564966072	2.68040219E8	78.83535852941176	80.17277999999999
27600.0	3928	266689	1013.2074847250509	2.72020098E8	78.84640521739131	79.59758
28000.0	3833	270522	1017.924863031568	2.75921804E8	78.83480114285715	78.03412
28400.0	3904	274426	1035.404713114754	2.79964024E8	78.86310535211268	80.8444
28800.0	3843	278269	1020.7392661982826	2.83886725E8	78.8574236111111	78.45402
29200.0	3875	282144	1011.912	2.87807884E8	78.85147506849314	78.42318
29600.0	3793	285937	1033.775902979172	2.91728996E8	78.84567459459458	78.42223999999999
30000.0	3909	289846	1023.3159375799437	2.95729138E8	78.86110346666666	80.00284
30400.0	3766	293612	1013.1909187466808	2.99544815E8	78.82758289473684	76.31354
30800.0	3803	297415	1029.6187220615304	3.03460455E8	78.8208974025974	78.31280000000001
31200.0	3839	301254	1034.2367804115654	3.0743089E8	78.82843333333332	79.4087
31600.0	3802	305056	1015.4771173066807	3.11291734E8	78.80803392405063	77.21688
32000.0	3900	308956	1042.7689743589744	3.15358533E8	78.83963325	81.33598
32400.0	3866	312822	1008.9187790998448	3.19259013E8	78.82938592592592	78.0096
32800.0	3849	316671	1018.8729540140296	3.23180655E8	78.82455	78.43284
33200.0	3945	320616	1031.6643852978455	3.27250571E8	78.85555927710843	81.39832
33600.0	3903	324519	1008.4217268767615	3.31186441E8	78.85391452380952	78.7174
34000.0	3925	328444	1023.2048407643313	3.3520252E8	78.87118117647059	80.32158000000001
34400.0	3898	332342	1002.3948178553104	3.39109855E8	78.8627569767442	78.1467
34800.0	3910	336252	1022.6923273657289	3.43108582E8	78.87553609195402	79.97454
35200.0	3859	340111	1020.3223633065561	3.47046006E8	78.87409227272727	78.74848
35600.0	3879	343990	1028.1691157514824	3.51034274E8	78.88410651685393	79.76536000000002
36000.0	3887	347877	1020.7139181888346	3.55001789E8	78.88928644444445	79.3503
36400.0	3848	351725	1013.174896049896	3.58900486E8	78.87922769230768	77.97394
36800.0	3835	355560	1039.5162972620599	3.62887031E8	78.888485	79.73089999999999
