%=============================================================================================================================
% Result "total_delay". Wed Oct 05 12:27:05 CEST 2022.
%-----------------------------------------------------------------------------------------------------------------------------
% (0) time[ms] | (1) #packets last interval  | (2) #packets overall | (3) avrg last interval [ms] | (4) max last interval [ms] | (5) avrg overall [ms] | (6) overall max overall [ms] | (7) BinWidth[ms] | (8) Histogram
%=============================================================================================================================
result_total_delay = [
0.0	0	0	NaN	0.0	NaN	NaN	1.0	0 0 0 0 0 0 0 0 0 0 0 0 0 0 0 0 0 0 0 0 0 0 0 0 0 0 0 0 0 0 0 0 0 0 0 0 0 0 0 0 0 0 0 0 0 0 0 0 0 0 0 0 0 0 0 0 0 0 0 0 0 0 0 0 0 0 0 0 0 0 0 0 0 0 0 0 0 0 0 0 0 0 0 0 0 0 0 0 0 0 0 0 0 0 0 0 0 0 0 0 
400.0	228	228	43.82525877192982	168.89600000000002	43.82525877192982	168.89600000000002	1.0	1 1 1 1 4 4 0 5 0 1 2 4 1 3 2 3 2 3 3 5 2 4 3 8 4 0 2 3 4 1 1 1 0 5 5 2 3 3 2 4 2 2 5 6 7 2 4 4 1 5 1 5 6 4 4 4 2 2 4 2 2 3 0 1 1 2 2 2 1 2 3 3 6 2 2 0 1 2 0 0 2 1 1 2 0 1 0 2 0 0 0 0 0 0 1 0 1 0 0 7 
800.0	222	450	58.44672072072071	611.5649999999999	51.03851333333333	387.2793733333333	1.0	1 1 1 1 5 5 0 6 0 2 2 4 1 3 2 3 2 4 4 7 3 6 3 9 4 1 2 3 4 1 1 2 0 7 6 6 6 9 5 7 8 4 11 14 11 6 7 7 6 11 8 17 11 13 8 9 7 11 6 6 11 11 1 6 3 4 9 6 1 4 3 3 6 3 2 1 2 4 0 0 2 6 1 3 2 2 4 4 1 0 2 1 0 1 2 3 2 0 1 13 
1200.0	225	675	54.27355555555555	134.97799999999995	52.116860740740734	303.17891555555553	1.0	1 1 2 1 6 5 0 6 0 3 2 4 1 3 2 3 2 4 4 7 3 6 3 9 4 1 4 3 4 5 3 6 2 9 8 6 12 15 8 8 14 8 15 19 16 11 10 16 20 14 14 28 19 19 11 13 13 14 10 10 16 15 9 12 10 5 13 8 4 6 7 4 7 4 6 5 2 4 1 0 3 10 1 5 3 2 6 4 1 0 3 1 1 1 2 4 2 0 2 16 
1600.0	231	906	58.93481385281389	1446.469	53.85521302428256	594.6800298013246	1.0	1 1 2 1 7 6 0 6 1 3 2 4 1 3 3 3 2 4 4 7 3 7 7 12 5 5 6 3 6 11 3 11 2 11 11 11 19 23 10 13 23 14 23 21 22 16 13 22 25 18 20 37 23 25 17 16 15 16 13 13 19 21 12 18 10 6 13 10 6 8 8 5 9 6 6 5 6 4 3 3 5 11 6 6 7 2 8 4 1 0 3 2 3 2 2 4 2 0 2 26 
2000.0	230	1136	52.85126956521735	114.74700000000007	53.65194982394365	497.51049031690155	1.0	1 2 2 1 7 6 2 7 1 3 2 4 1 3 3 3 4 4 4 7 4 8 7 13 6 7 7 6 8 11 4 11 4 11 15 19 21 27 14 21 27 17 29 27 24 17 18 26 31 27 23 43 32 30 24 26 22 24 17 20 28 24 16 20 11 7 15 14 8 13 11 7 15 10 8 7 8 5 4 6 5 12 6 6 7 2 8 4 2 0 4 2 3 2 2 4 2 0 3 30 
2400.0	230	1366	54.20816956521739	121.91300000000001	53.74560322108345	434.2693316251831	1.0	1 2 3 1 7 8 2 7 1 3 3 4 1 3 3 3 4 4 4 7 4 8 7 13 6 7 7 6 8 13 10 15 6 12 19 20 25 32 18 25 32 23 32 34 31 21 27 34 42 32 27 50 36 34 29 28 29 28 22 26 32 29 18 25 14 11 18 19 10 17 16 9 17 11 12 11 9 11 4 6 5 13 6 8 9 4 8 5 2 0 4 3 4 2 3 4 2 0 3 33 
2800.0	230	1596	49.41076086956521	135.90999999999985	53.12090789473683	391.2726860902256	1.0	1 2 3 4 7 11 5 8 2 8 4 7 3 4 5 4 6 5 5 7 5 8 9 15 7 8 8 8 9 16 14 19 10 15 23 25 28 39 27 31 38 30 32 39 33 22 31 36 46 33 34 52 43 40 32 30 32 30 26 29 34 34 19 26 16 12 19 23 12 18 16 9 17 12 13 14 12 11 4 7 7 14 11 8 10 6 9 9 3 1 5 4 6 5 4 6 3 1 3 40 
3200.0	216	1812	57.81537037037041	122.48700000000008	53.68051269315673	359.23200827814577	1.0	1 2 3 4 7 14 5 8 2 8 4 7 3 4 5 6 8 6 5 7 5 8 9 15 7 8 8 8 9 17 14 22 12 15 24 26 30 44 31 36 40 33 40 42 39 27 32 42 51 40 39 64 48 44 35 35 35 38 31 37 41 36 22 28 19 15 22 26 16 22 20 11 18 14 15 14 12 11 5 9 9 15 11 11 11 9 9 10 4 2 5 4 7 7 6 7 4 2 4 50 
3600.0	231	2043	68.03583116883111	3373.343	55.303654429760144	700.0345726872248	1.0	1 2 5 4 8 14 5 9 2 8 4 7 4 5 6 7 9 7 7 7 5 9 11 15 7 10 9 8 10 18 15 23 16 18 30 29 34 47 35 38 43 37 44 50 42 32 39 55 52 43 45 70 57 49 40 41 42 42 40 39 45 42 25 36 20 17 26 30 19 26 25 12 18 16 17 15 13 11 5 10 10 15 11 11 12 9 9 11 4 2 7 4 7 7 8 7 4 2 4 61 
4000.0	224	2267	69.00267857142858	3602.485	56.65724128804587	986.8227931186592	1.0	1 2 5 4 8 14 5 10 2 8 4 8 4 5 6 7 9 7 7 7 5 10 11 15 7 10 9 8 11 21 18 25 18 25 33 35 38 54 39 46 46 41 50 58 46 38 42 59 52 51 53 77 61 54 42 44 46 47 48 42 50 49 26 44 22 21 29 35 21 28 27 16 21 20 19 16 16 14 9 10 10 18 11 12 12 9 11 12 4 3 7 5 8 7 8 7 4 2 4 62 
4400.0	214	2481	75.59675700934585	4073.417	58.290879484079	1253.0586497380089	1.0	1 2 5 5 8 16 5 10 2 8 4 8 5 5 6 7 9 7 7 7 5 10 11 15 7 10 9 10 11 23 19 26 18 26 34 38 39 60 44 49 47 42 53 59 47 47 47 60 59 58 56 86 67 61 49 56 50 54 56 51 55 55 31 47 28 23 33 35 22 31 30 17 23 25 20 18 23 16 11 15 12 19 11 12 12 9 12 13 6 3 7 5 8 7 8 7 4 2 4 66 
4800.0	225	2706	53.53635111111113	146.27700000000004	57.895547302291206	1161.0313507021435	1.0	1 5 9 7 9 18 6 12 2 11 4 9 5 5 7 7 9 8 10 8 5 10 11 15 7 10 9 12 11 23 20 29 20 28 40 41 42 66 53 53 51 51 58 60 51 48 51 63 65 63 57 88 70 63 54 58 56 57 67 57 57 56 35 53 30 25 34 38 22 34 33 19 29 29 23 20 25 16 11 19 13 19 11 12 13 10 13 13 8 3 9 7 8 9 8 9 5 3 4 76 
5200.0	237	2943	50.952316455696234	171.91199999999935	57.33640842677539	1081.3774988107375	1.0	1 5 9 9 11 18 7 12 2 11 4 11 6 5 8 8 10 8 10 9 6 11 15 15 11 12 13 14 15 25 22 36 27 32 45 44 46 68 59 61 54 51 60 62 54 51 57 67 66 68 62 91 74 71 61 65 62 67 71 59 62 57 41 57 35 30 37 41 23 39 36 23 30 29 26 21 25 18 11 19 13 19 11 12 14 10 14 13 8 3 9 7 8 9 8 9 5 3 5 89 
5600.0	219	3162	53.24836073059359	132.808	57.05327039848197	1015.6796113219482	1.0	1 6 10 10 13 18 8 14 2 12 4 11 6 5 11 9 10 8 11 9 6 12 15 15 11 14 13 15 16 27 23 41 29 32 51 48 51 75 62 68 56 52 62 64 59 56 64 75 68 74 67 100 81 78 65 72 65 69 76 63 63 59 45 61 38 34 41 43 26 41 37 25 31 30 27 21 26 19 12 21 15 19 12 14 14 10 17 13 9 5 9 7 8 10 8 10 5 4 6 99 
6000.0	235	3397	51.66158297872337	129.94800000000032	56.68028054165439	954.4058613482487	1.0	1 7 10 10 13 18 8 14 4 12 4 11 6 6 12 9 10 10 12 9 7 13 17 16 13 19 16 17 17 30 25 44 34 33 53 53 55 80 72 75 64 54 67 68 64 62 70 79 70 77 70 103 90 84 74 78 70 75 81 67 66 64 46 67 41 36 42 43 27 42 40 28 31 32 29 24 27 19 13 22 16 21 12 14 14 12 18 14 9 5 9 7 11 10 8 10 5 4 6 111 
6400.0	228	3625	53.58490789473687	110.57499999999982	56.48559227586206	901.3318099310346	1.0	1 7 10 10 16 18 8 16 4 12 4 11 6 6 12 9 10 10 12 9 7 13 17 16 13 20 16 17 18 31 27 45 38 35 56 56 59 85 74 79 69 56 75 74 69 66 76 87 74 82 78 105 94 88 81 83 76 80 93 78 71 72 53 75 47 39 43 47 29 44 44 31 31 33 33 24 32 20 15 23 16 22 12 15 15 12 18 14 9 5 9 7 11 10 8 10 5 4 6 114 
6800.0	222	3847	56.831027027027	125.97800000000007	56.50552638419546	856.5882316090461	1.0	1 8 10 13 17 19 8 16 4 12 4 11 6 6 12 9 10 11 12 9 7 13 17 16 13 20 16 17 18 31 27 45 39 35 56 57 62 88 79 82 70 58 79 77 78 71 80 88 79 89 86 111 106 95 88 90 81 89 104 84 79 80 56 79 50 43 47 55 29 45 47 31 36 37 35 30 34 20 16 25 17 22 12 17 16 12 18 14 9 5 9 7 11 10 9 10 5 5 7 119 
7200.0	226	4073	83.6999292035398	6715.880999999999	58.014471888043204	1181.7048939356741	1.0	1 8 11 15 19 21 8 17 4 12 5 11 6 6 13 10 10 13 13 9 8 16 19 16 13 20 16 17 18 31 29 46 41 38 58 63 67 90 87 86 74 65 82 81 85 79 83 93 85 95 88 115 108 97 92 94 83 93 107 93 81 92 59 84 54 47 54 58 31 50 49 32 37 40 38 30 36 21 16 26 19 22 13 17 18 15 18 14 9 5 9 7 12 10 9 10 5 5 7 131 
7600.0	238	4311	115.95184033613448	7595.272	61.213055439573175	1535.7825954534915	1.0	1 9 11 15 20 21 8 17 4 12 5 11 6 7 13 10 10 13 13 9 8 16 19 17 14 21 19 23 23 38 35 51 45 44 63 69 70 92 90 90 78 66 88 82 90 80 87 97 91 99 92 119 112 100 99 98 90 98 108 99 91 100 60 87 58 53 60 61 37 50 49 34 41 40 40 31 36 22 19 27 19 23 13 19 19 18 19 15 9 5 9 7 13 10 9 10 5 6 7 145 
8000.0	218	4529	85.656747706422	7819.384	62.38963413557075	1838.239011039965	1.0	1 9 11 15 21 23 8 17 5 13 6 13 7 7 15 11 13 14 15 10 10 18 23 18 16 22 21 23 25 41 35 53 54 48 66 74 75 95 95 97 86 69 90 85 91 81 93 101 97 105 97 129 116 102 102 101 93 100 109 101 92 103 64 88 62 54 63 63 37 53 50 34 45 40 42 34 37 23 19 27 20 23 13 20 19 19 20 16 9 5 9 9 13 11 10 10 6 12 10 154 
