time[ms],#packets last interval,#packets overall,overall avrg. packetsize [byte],overall sum packetsize [byte],overall thrp [Mb/s],thrp last interval [Mb/s]
0.0,0,0,NaN,0.0,NaN,NaN
400.0,228,228,1011.578947368421,230640.0,4.6128,4.6128
800.0,222,450,1080.7477477477478,470566.0,4.70566,4.79852
1200.0,225,675,1064.2355555555555,710019.0,4.73346,4.78906
1600.0,231,906,1019.3073593073593,945479.0,4.727395,4.7092
2000.0,230,1136,1051.4652173913043,1187316.0,4.749264,4.83674
2400.0,230,1366,1033.5260869565218,1425027.0,4.75009,4.75422
2800.0,230,1596,1028.6695652173912,1661621.0,4.747488571428571,4.731879999999999
3200.0,216,1812,1126.4953703703704,1904944.0,4.76236,4.86646
3600.0,231,2043,1020.1038961038961,2140588.0,4.756862222222222,4.71288
4000.0,224,2267,1052.200892857143,2376281.0,4.752562,4.71386
4400.0,214,2481,1121.9065420560748,2616369.0,4.7570345454545455,4.801760000000001
4800.0,225,2706,1049.9644444444446,2852611.0,4.754351666666666,4.72484
5200.0,237,2943,995.8354430379746,3088624.0,4.751729230769231,4.72026
5600.0,219,3162,1072.5844748858447,3323520.0,4.747885714285714,4.697919999999999
6000.0,235,3397,981.5361702127659,3554181.0,4.738908,4.61322
6400.0,228,3625,1054.8859649122808,3794695.0,4.74336875,4.8102800000000006
6800.0,222,3847,1086.7072072072071,4035944.0,4.748169411764706,4.82498
7200.0,226,4073,1050.774336283186,4273419.0,4.748243333333333,4.749499999999999
7600.0,238,4311,998.2605042016806,4511005.0,4.748426315789474,4.75172
8000.0,218,4529,1074.0779816513761,4745154.0,4.745154,4.68298
8400.0,221,4750,1098.868778280543,4988004.0,4.75048,4.857
8800.0,219,4969,1072.4931506849316,5222880.0,4.748072727272728,4.697520000000001
9200.0,209,5178,1117.7272727272727,5456485.0,4.744769565217392,4.6721
9600.0,234,5412,999.0555555555555,5690264.0,4.741886666666666,4.67558
10000.0,234,5646,998.5982905982906,5923936.0,4.7391488,4.673439999999999
10400.0,237,5883,1007.1308016877637,6162626.0,4.740481538461539,4.7738000000000005
10800.0,228,6111,1016.7105263157895,6394436.0,4.7366192592592595,4.6362
11200.0,225,6336,1050.5111111111112,6630801.0,4.736286428571428,4.7273000000000005
11600.0,228,6564,1014.4824561403509,6862103.0,4.732484827586207,4.62604
12000.0,212,6776,1124.8490566037735,7100571.0,4.733714,4.769360000000001
12400.0,223,6999,1038.9686098654709,7332261.0,4.730490967741935,4.6338
12800.0,217,7216,1114.4285714285713,7574092.0,4.7338075,4.836619999999999
13200.0,212,7428,1120.7169811320755,7811684.0,4.734353939393939,4.75184
13600.0,228,7656,1042.1754385964912,8049300.0,4.7348823529411765,4.75232
14000.0,225,7881,1056.0577777777778,8286913.0,4.735378857142856,4.75226
14400.0,240,8121,990.4625,8524624.0,4.735902222222222,4.75422
14800.0,215,8336,1068.6046511627908,8754374.0,4.732094054054055,4.595000000000001
15200.0,230,8566,1040.7304347826087,8993742.0,4.733548421052632,4.78736
15600.0,225,8791,1035.64,9226761.0,4.731672307692308,4.660380000000001
16000.0,230,9021,1032.6,9464259.0,4.7321295,4.749959999999999
16400.0,222,9243,1055.0315315315315,9698476.0,4.730963902439024,4.684340000000001
16800.0,223,9466,1082.847533632287,9939951.0,4.73331,4.8294999999999995
17200.0,234,9700,1021.2179487179487,1.0178916E7,4.734379534883721,4.7793
17600.0,219,9919,1098.1050228310503,1.0419401E7,4.736091363636365,4.8097
18000.0,239,10158,998.3389121338912,1.0658004E7,4.736890666666666,4.77206
18400.0,233,10391,1015.62660944206,1.0894645E7,4.736802173913044,4.73282
18800.0,219,10610,1080.9771689497718,1.1131379E7,4.736757021276596,4.734680000000001
19200.0,220,10830,1075.5272727272727,1.1367995E7,4.736664583333333,4.73232
19600.0,223,11053,1076.7668161434979,1.1608114E7,4.7380057142857135,4.80238
20000.0,211,11264,1095.9194312796208,1.1839353E7,4.7357412000000005,4.6247799999999994
20400.0,227,11491,1019.5374449339207,1.2070788E7,4.733642352941176,4.6287
20800.0,226,11717,1049.8407079646017,1.2308052E7,4.733866153846154,4.74528
21200.0,228,11945,1044.0745614035088,1.2546101E7,4.7343777358490575,4.76098
21600.0,226,12171,1073.3274336283187,1.2788673E7,4.736545555555555,4.851440000000001
22000.0,237,12408,1000.8016877637131,1.3025863E7,4.736677454545454,4.7438
22400.0,232,12640,1017.8275862068965,1.3261999E7,4.736428214285715,4.722720000000001
22800.0,237,12877,1007.6666666666666,1.3500816E7,4.737128421052632,4.77634
23200.0,216,13093,1080.0324074074074,1.3734103E7,4.735897586206896,4.6657399999999996
23600.0,221,13314,1072.7058823529412,1.3971171E7,4.735990169491525,4.74136
24000.0,238,13552,984.6638655462185,1.4205521E7,4.735173666666667,4.687
24400.0,225,13777,1064.2,1.4444966E7,4.736054426229508,4.7889
24800.0,221,13998,1076.2986425339366,1.4682828E7,4.736396129032258,4.7572399999999995
25200.0,232,14230,1033.6637931034484,1.4922638E7,4.737345396825398,4.796200000000001
25600.0,221,14451,1037.9864253393664,1.5152033E7,4.7350103125,4.587899999999999
26000.0,227,14678,1057.1409691629956,1.5392004E7,4.73600123076923,4.79942
26400.0,225,14903,1050.6622222222222,1.5628403E7,4.735879696969698,4.72798
26800.0,228,15131,1016.3464912280701,1.586013E7,4.734367164179105,4.634539999999999
27200.0,222,15353,1043.518018018018,1.6091791E7,4.732879705882353,4.63322
27600.0,228,15581,1036.4035087719299,1.6328091E7,4.73278,4.726
28000.0,231,15812,1029.9134199134198,1.6566001E7,4.733143142857143,4.7581999999999995
28400.0,225,16037,1047.9822222222222,1.6801797E7,4.732900563380282,4.715920000000001
28800.0,217,16254,1094.8202764976959,1.7039373E7,4.733159166666666,4.75152
29200.0,230,16484,983.0782608695653,1.7265481E7,4.730268767123287,4.52216
29600.0,218,16702,1088.6100917431193,1.7502798E7,4.730485945945945,4.74634
30000.0,219,16921,1104.703196347032,1.7744728E7,4.731927466666667,4.8386000000000005
30400.0,228,17149,1035.7587719298247,1.7980881E7,4.731810789473685,4.72306
30800.0,220,17369,1061.5727272727272,1.8214427E7,4.73102,4.67092
31200.0,228,17597,1051.298245614035,1.8454123E7,4.73182641025641,4.79392
31600.0,220,17817,1088.0590909090909,1.8693496E7,4.732530632911392,4.78746
32000.0,231,18048,1009.4675324675325,1.8926683E7,4.73167075,4.66374
32400.0,219,18267,1091.4566210045662,1.9165712E7,4.732274567901234,4.78058
32800.0,240,18507,996.5958333333333,1.9404895E7,4.732901219512195,4.78366
33200.0,229,18736,1034.5502183406113,1.9641807E7,4.732965542168675,4.73824
33600.0,240,18976,998.6833333333333,1.9881491E7,4.733688333333334,4.79368
34000.0,221,19197,1089.4027149321266,2.0122249E7,4.7346468235294115,4.81516
34400.0,231,19428,1010.922077922078,2.0355772E7,4.733900465116279,4.67046
34800.0,219,19647,1110.4383561643835,2.0598958E7,4.7353926436781615,4.863720000000001
35200.0,244,19891,958.0737704918033,2.0832728E7,4.734710909090909,4.6754
35600.0,238,20129,1004.3151260504202,2.1071755E7,4.73522584269663,4.78054
36000.0,229,20358,1010.117903930131,2.1303072E7,4.734016,4.62634
36400.0,226,20584,1048.712389380531,2.1540081E7,4.734083736263737,4.74018
36800.0,221,20805,1050.8597285067874,2.1772321E7,4.733113260869565,4.644800000000001
37200.0,232,21037,1016.125,2.2008062E7,4.7329165591397855,4.7148200000000005
37600.0,236,21273,1009.1610169491526,2.2246224E7,4.73323914893617,4.763240000000001
38000.0,229,21502,1014.2838427947598,2.2478495E7,4.732314736842105,4.64542
38400.0,241,21743,986.2406639004149,2.2716179E7,4.732537291666667,4.75368
38800.0,237,21980,980.2784810126582,2.2948505E7,4.731650515463918,4.64652
39200.0,226,22206,1063.9911504424779,2.3188967E7,4.7324422448979595,4.80924
39600.0,231,22437,1039.8181818181818,2.3429165E7,4.733164646464647,4.80396
40000.0,229,22666,1023.6724890829694,2.3663586E7,4.732717200000001,4.68842
40400.0,241,22907,982.4356846473029,2.3900353E7,4.732743168316832,4.73534
40800.0,231,23138,1016.6017316017316,2.4135188E7,4.732389803921568,4.6967
41200.0,229,23367,1053.0698689956332,2.4376341E7,4.733270097087378,4.82306
41600.0,222,23589,1089.2027027027027,2.4618144E7,4.734258461538461,4.83606
42000.0,212,23801,1116.2075471698113,2.485478E7,4.73424380952381,4.7327200000000005
42400.0,217,24018,1069.110599078341,2.5086777E7,4.733354150943397,4.63994
42800.0,224,24242,1066.3125,2.5325631E7,4.733762803738317,4.77708
43200.0,231,24473,1027.6796536796537,2.5563025E7,4.733893518518519,4.74788
43600.0,221,24694,1098.972850678733,2.5805898E7,4.735027155963302,4.85746
44000.0,215,24909,1102.2232558139535,2.6042876E7,4.735068363636363,4.73956
44400.0,224,25133,1069.34375,2.6282409E7,4.735569189189189,4.79066
44800.0,222,25355,1089.126126126126,2.6524195E7,4.736463392857143,4.83572
45200.0,225,25580,1063.0088888888888,2.6763372E7,4.73688,4.7835399999999995
45600.0,227,25807,1056.3920704845816,2.7003173E7,4.737398771929825,4.79602
46000.0,232,26039,1014.4913793103449,2.7238535E7,4.73713652173913,4.70724
46400.0,227,26266,1060.308370044053,2.7479225E7,4.7377974137931025,4.8138000000000005
46800.0,222,26488,1063.5945945945946,2.7715343E7,4.73766547008547,4.72236
47200.0,219,26707,1088.3333333333333,2.7953688E7,4.737913220338982,4.7669
47600.0,214,26921,1116.2897196261683,2.8192574E7,4.738247731092438,4.77772
48000.0,223,27144,1048.8430493273543,2.8426466E7,4.737744333333333,4.67784
48400.0,231,27375,1015.8658008658009,2.8661131E7,4.737377024793388,4.693300000000001
48800.0,213,27588,1125.981220657277,2.8900965E7,4.737863114754099,4.79668
49200.0,225,27813,1074.6044444444444,2.9142751E7,4.738658699186992,4.83572
49600.0,223,28036,1081.3183856502242,2.9383885E7,4.73933629032258,4.82268
50000.0,217,28253,1065.2672811059908,2.9615048E7,4.738407680000001,4.62326
50400.0,218,28471,1086.573394495413,2.9851921E7,4.738400158730159,4.7374600000000004
50800.0,230,28701,1025.7782608695652,3.008785E7,4.73824409448819,4.71858
51200.0,227,28928,1052.1497797356828,3.0326688E7,4.738545,4.7767599999999995
51600.0,248,29176,946.1895161290323,3.0561343E7,4.738192713178295,4.6931
52000.0,223,29399,1058.2466367713005,3.0797332E7,4.738051076923077,4.71978
52400.0,225,29624,1035.951111111111,3.1030421E7,4.737468854961832,4.661779999999999
52800.0,220,29844,1078.040909090909,3.126759E7,4.737513636363636,4.74338
53200.0,227,30071,1045.625550660793,3.1504947E7,4.737586015037594,4.74714
53600.0,227,30298,1035.7973568281939,3.1740073E7,4.737324328358209,4.70252
54000.0,216,30514,1083.2824074074074,3.1974062E7,4.736898074074075,4.67978
54400.0,226,30740,1041.08407079646,3.2209347E7,4.736668676470588,4.705699999999999
54800.0,227,30967,1066.5506607929515,3.2451454E7,4.737438540145986,4.842139999999999
55200.0,227,31194,1057.5022026431718,3.2691507E7,4.737899565217392,4.80106
55600.0,222,31416,1083.662162162162,3.293208E7,4.7384287769784175,4.811459999999999
56000.0,218,31634,1072.4633027522937,3.3165877E7,4.737982428571428,4.675940000000001
56400.0,228,31862,1049.3026315789473,3.3405118E7,4.738314609929078,4.78482
56800.0,227,32089,1049.5770925110132,3.3643372E7,4.73850309859155,4.76508
57200.0,227,32316,1057.4405286343613,3.3883411E7,4.738938601398601,4.80078
57600.0,222,32538,1031.382882882883,3.4112378E7,4.737830277777778,4.57934
58000.0,224,32762,1066.7410714285713,3.4351328E7,4.738114206896552,4.778999999999999
58400.0,218,32980,1106.2614678899083,3.4592493E7,4.738697671232877,4.8233
58800.0,230,33210,1051.5391304347827,3.4834347E7,4.739366938775509,4.837080000000001
59200.0,216,33426,1123.4814814814815,3.5077019E7,4.740137702702703,4.85344
59600.0,230,33656,1007.7217391304348,3.5308795E7,4.739435570469799,4.6355200000000005
60000.0,225,33881,1053.1333333333334,3.554575E7,4.739433333333333,4.7391000000000005
60400.0,223,34104,1068.273542600897,3.5783975E7,4.739599337748345,4.7645
60800.0,221,34325,1087.9049773755655,3.6024402E7,4.740052894736842,4.80854
