time[ms],#packets last interval,#packets overall,overall avrg. packetsize [byte],overall sum packetsize [byte],overall offer [Mb/s],offer last interval [Mb/s]
0.0,0,0,NaN,0.0,NaN,NaN
500.0,74,74,618.0675675675676,45737.0,0.731792,0.731792
1000.0,80,154,528.3125,88002.0,0.704016,0.67624
1500.0,67,221,592.776119402985,127718.0,0.6811626666666667,0.635456
2000.0,63,284,574.4285714285714,163907.0,0.655628,0.579024
2500.0,66,350,608.0,204035.0,0.652912,0.642048
3000.0,74,424,516.6621621621622,242268.0,0.646048,0.611728
3500.0,70,494,581.9857142857143,283007.0,0.6468731428571428,0.651824
4000.0,90,584,572.8,334559.0,0.669118,0.8248319999999999
4500.0,62,646,670.0,376099.0,0.6686204444444444,0.66464
5000.0,70,716,568.7428571428571,415911.0,0.6654576,0.636992
5500.0,88,804,641.0454545454545,472323.0,0.6870152727272727,0.902592
6000.0,79,883,603.0253164556962,519962.0,0.6932826666666666,0.762224
6500.0,65,948,626.8615384615384,560708.0,0.6901021538461539,0.651936
7000.0,78,1026,582.025641025641,606106.0,0.6926925714285714,0.726368
7500.0,80,1106,635.275,656928.0,0.7007232000000001,0.813152
8000.0,89,1195,619.7191011235955,712083.0,0.712083,0.88248
8500.0,63,1258,625.5079365079365,751490.0,0.7072847058823529,0.630512
9000.0,78,1336,613.0769230769231,799310.0,0.7104977777777778,0.76512
9500.0,76,1412,644.6973684210526,848307.0,0.7143637894736842,0.783952
10000.0,63,1475,622.1904761904761,887505.0,0.710004,0.627168
10500.0,76,1551,521.3947368421053,927131.0,0.7063855238095238,0.6340160000000001
11000.0,80,1631,632.725,977749.0,0.7110901818181817,0.809888
11500.0,80,1711,579.3,1024093.0,0.7124125217391304,0.741504
12000.0,92,1803,586.9130434782609,1078089.0,0.718726,0.863936
12500.0,77,1880,590.7532467532468,1123577.0,0.71908928,0.727808
13000.0,76,1956,604.5131578947369,1169520.0,0.7197046153846154,0.735088
13500.0,80,2036,637.8875,1220551.0,0.7232894814814814,0.816496
14000.0,64,2100,658.015625,1262664.0,0.7215222857142857,0.673808
14500.0,69,2169,608.536231884058,1304653.0,0.7198085517241379,0.671824
15000.0,74,2243,657.8918918918919,1353337.0,0.7217797333333332,0.778944
15500.0,80,2323,610.95,1402213.0,0.7237228387096774,0.782016
16000.0,67,2390,511.7014925373134,1436497.0,0.7182485,0.548544
16500.0,65,2455,572.9846153846154,1473741.0,0.7145410909090909,0.595904
17000.0,80,2535,653.125,1525991.0,0.7181134117647059,0.836
17500.0,80,2615,636.1875,1576886.0,0.7208621714285715,0.81432
18000.0,78,2693,553.3846153846154,1620050.0,0.7200222222222222,0.690624
18500.0,63,2756,611.4761904761905,1658573.0,0.7172207567567567,0.616368
19000.0,67,2823,666.3432835820895,1703218.0,0.7171444210526315,0.71432
19500.0,48,2871,578.2083333333334,1730972.0,0.710142358974359,0.444064
20000.0,78,2949,609.3589743589744,1778502.0,0.7114008,0.76048
20500.0,85,3034,680.2705882352941,1836325.0,0.7166146341463415,0.925168
21000.0,79,3113,594.506329113924,1883291.0,0.7174441904761905,0.751456
21500.0,85,3198,583.0470588235294,1932850.0,0.7192,0.792944
22000.0,83,3281,561.3012048192771,1979438.0,0.7197956363636363,0.745408
22500.0,71,3352,614.5352112676056,2023070.0,0.7193137777777777,0.698112
23000.0,85,3437,629.2823529411764,2076559.0,0.7222813913043478,0.855824
23500.0,71,3508,484.01408450704224,2110924.0,0.718612425531915,0.54984
24000.0,80,3588,598.8625,2158833.0,0.719611,0.766544
24500.0,94,3682,621.1276595744681,2217219.0,0.7239898775510204,0.934176
25000.0,72,3754,643.125,2263524.0,0.7243276799999999,0.74088
25500.0,89,3843,612.1011235955057,2318001.0,0.727216,0.8716320000000001
26000.0,63,3906,607.7301587301587,2356288.0,0.7250116923076924,0.612592
26500.0,77,3983,626.7532467532468,2404548.0,0.7259012830188679,0.77216
27000.0,76,4059,666.2368421052631,2455182.0,0.7274613333333333,0.810144
27500.0,81,4140,562.0864197530864,2500711.0,0.7274795636363636,0.728464
28000.0,60,4200,580.25,2535526.0,0.724436,0.55704
28500.0,59,4259,627.3898305084746,2572542.0,0.722117052631579,0.592256
29000.0,80,4339,582.9,2619174.0,0.7225307586206896,0.746112
29500.0,75,4414,562.2266666666667,2661341.0,0.7217195932203391,0.674672
30000.0,72,4486,538.9305555555555,2700144.0,0.7200384000000001,0.620848
30500.0,74,4560,539.9459459459459,2740100.0,0.7187147540983606,0.639296
31000.0,86,4646,561.546511627907,2788393.0,0.7195852903225806,0.772688
31500.0,72,4718,651.1944444444445,2835279.0,0.7200708571428571,0.750176
32000.0,77,4795,623.025974025974,2883252.0,0.720813,0.767568
32500.0,69,4864,613.695652173913,2925597.0,0.7201469538461538,0.67752
33000.0,71,4935,606.0422535211268,2968626.0,0.7196669090909091,0.688464
33500.0,85,5020,632.564705882353,3022394.0,0.7217657313432837,0.8602880000000002
34000.0,88,5108,598.3295454545455,3075047.0,0.7235404705882353,0.842448
34500.0,81,5189,592.5432098765432,3123043.0,0.724183884057971,0.767936
35000.0,72,5261,694.9166666666666,3173077.0,0.7252747428571429,0.800544
35500.0,79,5340,598.3924050632911,3220350.0,0.7257126760563382,0.756368
36000.0,75,5415,606.2,3265815.0,0.7257366666666666,0.72744
36500.0,68,5483,628.3676470588235,3308544.0,0.7251603287671233,0.683664
37000.0,68,5551,612.1764705882352,3350172.0,0.7243615135135135,0.666048
37500.0,85,5636,555.3294117647059,3397375.0,0.7247733333333333,0.755248
38000.0,76,5712,677.5657894736842,3448870.0,0.7260778947368421,0.82392
38500.0,81,5793,586.8395061728395,3496404.0,0.7265255064935064,0.760544
39000.0,82,5875,622.439024390244,3547444.0,0.7276808205128206,0.8166400000000001
39500.0,79,5954,645.9367088607595,3598473.0,0.7288046582278481,0.816464
40000.0,67,6021,651.9701492537314,3642155.0,0.728431,0.698912
40500.0,73,6094,611.3972602739726,3686787.0,0.7282542222222222,0.714112
