time[ms],#packets last interval,#packets overall,overall avrg. packetsize [byte],overall sum packetsize [byte],overall offer [Mb/s],offer last interval [Mb/s]
0.0,0,0,NaN,0.0,NaN,NaN
500.0,99,99,645.8181818181819,63936.0,1.022976,1.022976
1000.0,113,212,553.9115044247787,126528.0,1.012224,1.001472
1500.0,113,325,603.7610619469026,194753.0,1.0386826666666666,1.0916
2000.0,100,425,727.54,267507.0,1.070028,1.164064
2500.0,111,536,610.2252252252252,335242.0,1.0727744,1.08376
3000.0,101,637,554.3762376237623,391234.0,1.0432906666666668,0.8958719999999999
3500.0,107,744,595.6168224299065,454965.0,1.0399200000000002,1.019696
4000.0,109,853,603.4954128440367,520746.0,1.041492,1.052496
4500.0,110,963,619.0818181818182,588845.0,1.0468355555555555,1.089584
5000.0,90,1053,636.8555555555556,646162.0,1.0338592,0.9170720000000001
5500.0,98,1151,517.2142857142857,696849.0,1.0135985454545455,0.8109919999999999
6000.0,113,1264,658.4867256637168,771258.0,1.028344,1.190544
6500.0,116,1380,596.25,840423.0,1.0343667692307692,1.10664
7000.0,112,1492,598.7678571428571,907485.0,1.0371257142857144,1.072992
7500.0,86,1578,630.8139534883721,961735.0,1.0258506666666667,0.868
8000.0,101,1679,501.94059405940595,1012431.0,1.012431,0.811136
8500.0,96,1775,576.2083333333334,1067747.0,1.0049383529411766,0.885056
9000.0,94,1869,586.9042553191489,1122916.0,0.9981475555555555,0.8827039999999999
9500.0,116,1985,604.2413793103449,1193008.0,1.0046383157894736,1.121472
10000.0,104,2089,573.75,1252678.0,1.0021423999999999,0.95472
10500.0,111,2200,595.4234234234234,1318770.0,1.0047771428571428,1.057472
11000.0,115,2315,601.0608695652174,1387892.0,1.009376,1.105952
11500.0,110,2425,582.9545454545455,1452017.0,1.0100987826086956,1.026
12000.0,103,2528,541.4368932038835,1507785.0,1.00519,0.892288
12500.0,103,2631,626.1941747572815,1572283.0,1.00626112,1.031968
13000.0,106,2737,626.3207547169811,1638673.0,1.0084141538461537,1.06224
13500.0,95,2832,646.9157894736842,1700130.0,1.0074844444444444,0.983312
14000.0,102,2934,595.5588235294117,1760877.0,1.0062154285714284,0.9719519999999999
14500.0,101,3035,597.3366336633663,1821208.0,1.0048044137931034,0.965296
15000.0,100,3135,586.63,1879871.0,1.0025978666666666,0.938608
15500.0,106,3241,616.5188679245283,1945222.0,1.0039855483870967,1.045616
16000.0,112,3353,624.7946428571429,2015199.0,1.0075995,1.119632
16500.0,91,3444,604.3736263736264,2070197.0,1.0037318787878788,0.879968
17000.0,116,3560,607.1465517241379,2140626.0,1.0073534117647058,1.126864
17500.0,111,3671,561.990990990991,2203007.0,1.0070889142857142,0.998096
18000.0,97,3768,623.8144329896908,2263517.0,1.0060075555555554,0.9681600000000001
18500.0,102,3870,661.2843137254902,2330968.0,1.0079861621621622,1.079216
19000.0,94,3964,583.5744680851063,2385824.0,1.0045574736842107,0.8776959999999999
19500.0,107,4071,548.5233644859813,2444516.0,1.002878358974359,0.9390720000000001
20000.0,112,4183,612.8392857142857,2513154.0,1.0052616,1.098208
20500.0,113,4296,607.0265486725664,2581748.0,1.0075114146341464,1.097504
21000.0,112,4408,587.1696428571429,2647511.0,1.008575619047619,1.052208
21500.0,108,4516,565.0370370370371,2708535.0,1.007826976744186,0.976384
22000.0,96,4612,573.5,2763591.0,1.0049421818181818,0.880896
22500.0,95,4707,559.1684210526316,2816712.0,1.0014976,0.8499360000000001
23000.0,90,4797,595.9444444444445,2870347.0,0.9983815652173914,0.85816
23500.0,100,4897,637.11,2934058.0,0.998828255319149,1.019376
24000.0,100,4997,611.45,2995203.0,0.998401,0.9783200000000001
24500.0,105,5102,640.4,3062445.0,0.9999820408163265,1.075872
25000.0,95,5197,578.3894736842105,3117392.0,0.9975654399999999,0.879152
25500.0,120,5317,611.475,3190769.0,1.001025568627451,1.174032
26000.0,131,5448,602.8854961832061,3269747.0,1.006076,1.263648
26500.0,105,5553,581.2666666666667,3330780.0,1.0055184905660377,0.976528
27000.0,92,5645,678.554347826087,3393207.0,1.0053946666666667,0.998832
27500.0,104,5749,586.7019230769231,3454224.0,1.0048651636363635,0.976272
28000.0,106,5855,618.3584905660377,3519770.0,1.0056485714285714,1.048736
28500.0,111,5966,590.009009009009,3585261.0,1.0063890526315789,1.047856
29000.0,98,6064,615.6530612244898,3645595.0,1.0056813793103447,0.965344
29500.0,94,6158,572.5851063829788,3699418.0,1.003232,0.8611680000000002
30000.0,118,6276,577.2881355932203,3767538.0,1.0046768,1.08992
30500.0,88,6364,624.1022727272727,3822459.0,1.0026121967213115,0.878736
31000.0,101,6465,597.0297029702971,3882759.0,1.0020023225806451,0.9648000000000001
31500.0,91,6556,591.4065934065934,3936577.0,0.9997655873015874,0.861088
32000.0,125,6681,594.816,4010929.0,1.00273225,1.189632
32500.0,85,6766,598.9529411764706,4061840.0,0.9998375384615383,0.814576
33000.0,108,6874,553.425925925926,4121610.0,0.9991781818181817,0.9563200000000002
33500.0,97,6971,609.2164948453608,4180704.0,0.9983770746268656,0.9455039999999999
34000.0,95,7066,603.8105263157895,4238066.0,0.997192,0.917792
34500.0,101,7167,595.3663366336634,4298198.0,0.9966835942028985,0.9621120000000001
35000.0,104,7271,674.2884615384615,4368324.0,0.9984740571428572,1.122016
35500.0,94,7365,630.3617021276596,4427578.0,0.9977640563380281,0.948064
36000.0,110,7475,618.2727272727273,4495588.0,0.9990195555555557,1.08816
36500.0,106,7581,590.066037735849,4558135.0,0.9990432876712328,1.000752
37000.0,104,7685,667.7019230769231,4627576.0,1.000556972972973,1.111056
37500.0,113,7798,579.7610619469026,4693089.0,1.00119232,1.0482079999999998
38000.0,93,7891,603.8387096774194,4749246.0,0.9998412631578948,0.898512
38500.0,108,7999,572.7407407407408,4811102.0,0.9997095064935065,0.989696
39000.0,99,8098,653.7676767676768,4875825.0,1.0001692307692307,1.035568
39500.0,111,8209,539.7027027027027,4935732.0,0.999641924050633,0.958512
40000.0,86,8295,616.1395348837209,4988720.0,0.997744,0.847808
40500.0,100,8395,565.41,5045261.0,0.9965947654320988,0.904656
