time[ms],#packets last interval,#packets overall,overall avrg. packetsize [byte],overall sum packetsize [byte],overall offer [Mb/s],offer last interval [Mb/s]
0.0,0,0,NaN,0.0,NaN,NaN
500.0,125,125,586.704,73338.0,1.173408,1.173408
1000.0,106,231,526.2641509433962,129122.0,1.0329760000000001,0.892544
1500.0,105,336,586.2285714285714,190676.0,1.0169386666666667,0.984864
2000.0,94,430,605.6489361702128,247607.0,0.990428,0.910896
2500.0,117,547,637.3675213675214,322179.0,1.0309728,1.193152
3000.0,111,658,637.6666666666666,392960.0,1.0478933333333336,1.132496
3500.0,101,759,587.8217821782179,452330.0,1.0338971428571428,0.9499200000000001
4000.0,101,860,625.5544554455446,515511.0,1.0310219999999999,1.010896
4500.0,98,958,641.8877551020408,578416.0,1.028295111111111,1.00648
5000.0,99,1057,601.060606060606,637921.0,1.0206736,0.9520799999999999
5500.0,84,1141,546.6428571428571,683839.0,0.994674909090909,0.734688
6000.0,105,1246,569.7238095238096,743660.0,0.9915466666666666,0.9571360000000001
6500.0,117,1363,589.5897435897435,812642.0,1.0001747692307692,1.103712
7000.0,116,1479,622.1810344827586,884815.0,1.011217142857143,1.154768
7500.0,93,1572,608.0860215053764,941367.0,1.0041248,0.904832
8000.0,92,1664,602.7282608695652,996818.0,0.996818,0.887216
8500.0,107,1771,611.7943925233645,1062280.0,0.9997929411764706,1.047392
9000.0,114,1885,616.4035087719299,1132550.0,1.0067111111111111,1.12432
9500.0,101,1986,594.7326732673267,1192618.0,1.004309894736842,0.961088
10000.0,94,2080,628.2446808510638,1251673.0,1.0013384,0.9448799999999998
10500.0,93,2173,658.1612903225806,1312882.0,1.0002910476190476,0.979344
11000.0,96,2269,563.1458333333334,1366944.0,0.994141090909091,0.864992
11500.0,109,2378,554.4678899082569,1427381.0,0.9929606956521739,0.966992
12000.0,96,2474,557.28125,1480880.0,0.9872533333333334,0.855984
12500.0,100,2574,551.45,1536025.0,0.983056,0.8823200000000001
13000.0,100,2674,606.52,1596677.0,0.9825704615384616,0.970432
13500.0,100,2774,634.99,1660176.0,0.983808,1.015984
14000.0,103,2877,607.0194174757281,1722699.0,0.9843994285714285,1.000368
14500.0,93,2970,613.5698924731183,1779761.0,0.9819371034482758,0.9129920000000001
15000.0,112,3082,596.7142857142857,1846593.0,0.9848496,1.069312
15500.0,107,3189,538.6542056074767,1904229.0,0.9828278709677419,0.9221760000000001
16000.0,129,3318,535.8837209302326,1973358.0,0.986679,1.106064
16500.0,115,3433,632.8782608695652,2046139.0,0.9920673939393939,1.164496
17000.0,112,3545,631.1607142857143,2116829.0,0.9961548235294116,1.13104
17500.0,106,3651,590.0377358490566,2179373.0,0.9962848000000001,1.000704
18000.0,112,3763,602.5357142857143,2246857.0,0.9986031111111111,1.079744
18500.0,129,3892,619.5813953488372,2326783.0,1.0061764324324325,1.278816
19000.0,119,4011,575.7899159663865,2395302.0,1.0085482105263157,1.096304
19500.0,89,4100,688.2808988764045,2456559.0,1.007819076923077,0.980112
20000.0,107,4207,634.9626168224299,2524500.0,1.0098,1.087056
20500.0,89,4296,574.8651685393259,2575663.0,1.0051367804878049,0.818608
21000.0,101,4397,624.6237623762377,2638750.0,1.005238095238095,1.009392
21500.0,110,4507,545.3272727272728,2698736.0,1.0041808372093024,0.9597760000000001
22000.0,109,4616,553.0,2759013.0,1.0032774545454546,0.964432
22500.0,138,4754,572.8115942028985,2838061.0,1.0090883555555556,1.264768
23000.0,102,4856,597.4411764705883,2899000.0,1.0083478260869565,0.9750240000000001
23500.0,114,4970,536.1929824561404,2960126.0,1.0077024680851063,0.9780160000000001
24000.0,94,5064,582.1489361702128,3014848.0,1.0049493333333335,0.875552
24500.0,97,5161,638.3711340206186,3076770.0,1.0046595918367347,0.990752
25000.0,109,5270,534.8348623853211,3135067.0,1.0032214400000001,0.932752
25500.0,116,5386,586.9741379310345,3203156.0,1.0049116862745098,1.089424
26000.0,96,5482,578.6666666666666,3258708.0,1.0026793846153845,0.888832
26500.0,109,5591,587.4128440366973,3322736.0,1.0030901132075472,1.024448
27000.0,128,5719,626.4765625,3402925.0,1.008274074074074,1.283024
27500.0,83,5802,553.0120481927711,3448825.0,1.0032945454545454,0.7344
28000.0,108,5910,601.2222222222222,3513757.0,1.0039305714285713,1.0389119999999998
28500.0,134,6044,608.7014925373135,3595323.0,1.0092134736842104,1.305056
29000.0,112,6156,614.2767857142857,3664122.0,1.0107922758620689,1.100784
29500.0,82,6238,628.8414634146342,3715687.0,1.0076439322033899,0.82504
30000.0,110,6348,624.9636363636364,3784433.0,1.0091821333333333,1.099936
30500.0,97,6445,586.5876288659794,3841332.0,1.0075624918032786,0.910384
31000.0,105,6550,573.2095238095238,3901519.0,1.0068436129032259,0.962992
31500.0,107,6657,591.1308411214953,3964770.0,1.0069257142857144,1.012016
32000.0,107,6764,626.0841121495328,4031761.0,1.00794025,1.071856
32500.0,104,6868,619.9615384615385,4096237.0,1.0083044923076923,1.031616
33000.0,120,6988,599.9583333333334,4168232.0,1.010480484848485,1.15192
33500.0,113,7101,629.4601769911504,4239361.0,1.0123847164179105,1.138064
34000.0,93,7194,667.8494623655914,4301471.0,1.0121108235294116,0.99376
34500.0,107,7301,568.018691588785,4362249.0,1.011536,0.972448
35000.0,118,7419,646.4237288135594,4438527.0,1.0145204571428572,1.220448
35500.0,102,7521,627.4901960784314,4502531.0,1.0146548732394367,1.024064
36000.0,105,7626,633.5714285714286,4569056.0,1.015345777777778,1.0644
36500.0,104,7730,630.5288461538462,4634631.0,1.0158095342465754,1.0492
37000.0,94,7824,589.468085106383,4690041.0,1.014062918918919,0.88656
37500.0,106,7930,593.6981132075472,4752973.0,1.0139675733333333,1.006912
38000.0,91,8021,622.9120879120879,4809658.0,1.0125595789473685,0.90696
38500.0,89,8110,621.3932584269663,4864962.0,1.0109011948051947,0.884864
39000.0,97,8207,612.7525773195877,4924399.0,1.0101331282051282,0.950992
39500.0,138,8345,611.036231884058,5008722.0,1.0144247088607594,1.349168
40000.0,117,8462,581.7948717948718,5076792.0,1.0153584,1.08912
40500.0,105,8567,553.9142857142857,5134953.0,1.0143117037037037,0.930576
