%=============================================================================================================================
% Result "offer_SA2_DA1_AC2_ID_42_data_". Mon Oct 24 12:41:33 CEST 2022.
%-----------------------------------------------------------------------------------------------------------------------------
% (0) time[ms] | (1) #packets last interval | (2) #packets overall | (3) overall avrg. packetsize [byte] | (4) overall sum packetsize [byte] | (5) overall offer [Mb/s] | (6) offer last interval [Mb/s]
%=============================================================================================================================
result_offer_SA2_DA1_AC2_ID_42_data_ = [
0.0	0	0	NaN	0.0	NaN	NaN
500.0	112	112	645.0625	72247.0	1.155952	1.155952
1000.0	103	215	631.1844660194175	137259.0	1.098072	1.040192
1500.0	110	325	547.6545454545454	197501.0	1.0533386666666666	0.963872
2000.0	91	416	606.6483516483516	252706.0	1.010824	0.88328
2500.0	111	527	574.981981981982	316529.0	1.0128928	1.021168
3000.0	95	622	642.021052631579	377521.0	1.0067226666666667	0.975872
3500.0	100	722	603.14	437835.0	1.0007657142857143	0.965024
4000.0	100	822	570.86	494921.0	0.989842	0.913376
4500.0	103	925	604.4174757281553	557176.0	0.990535111111111	0.9960799999999999
5000.0	110	1035	596.3636363636364	622776.0	0.9964415999999999	1.0496
5500.0	91	1126	554.2857142857143	673216.0	0.9792232727272727	0.8070400000000001
6000.0	103	1229	585.9611650485436	733570.0	0.9780933333333334	0.9656639999999999
6500.0	128	1357	587.2265625	808735.0	0.9953661538461538	1.20264
7000.0	91	1448	585.7362637362637	862037.0	0.9851851428571429	0.852832
7500.0	101	1549	607.0792079207921	923352.0	0.9849088	0.98104
8000.0	92	1641	592.4782608695652	977860.0	0.97786	0.872128
8500.0	101	1742	623.5742574257425	1040841.0	0.9796150588235295	1.007696
9000.0	102	1844	548.2647058823529	1096764.0	0.9749013333333334	0.894768
9500.0	101	1945	579.0	1155243.0	0.9728362105263157	0.935664
10000.0	104	2049	602.8269230769231	1217937.0	0.9743495999999999	1.003104
10500.0	94	2143	635.5106382978723	1277675.0	0.9734666666666667	0.955808
11000.0	118	2261	587.0	1346941.0	0.9795934545454544	1.108256
11500.0	115	2376	649.7652173913043	1421664.0	0.9889836521739129	1.195568
12000.0	106	2482	604.6320754716982	1485755.0	0.9905033333333334	1.0254560000000001
12500.0	94	2576	630.8297872340426	1545053.0	0.98883392	0.948768
13000.0	104	2680	604.8846153846154	1607961.0	0.9895144615384615	1.006528
13500.0	81	2761	544.6543209876543	1652078.0	0.9790091851851852	0.7058719999999998
14000.0	114	2875	666.7105263157895	1728083.0	0.987476	1.21608
14500.0	109	2984	658.4036697247707	1799849.0	0.9930201379310344	1.148256
15000.0	95	3079	640.1684210526316	1860665.0	0.9923546666666666	0.9730560000000001
15500.0	106	3185	634.7264150943396	1927946.0	0.9950689032258064	1.076496
16000.0	112	3297	610.7232142857143	1996347.0	0.9981735	1.094416
16500.0	105	3402	621.7523809523809	2061631.0	0.9995786666666666	1.044544
17000.0	105	3507	576.6476190476191	2122179.0	0.9986724705882353	0.968768
17500.0	106	3613	576.8867924528302	2183329.0	0.9980932571428572	0.9783999999999999
18000.0	87	3700	591.2528735632184	2234768.0	0.9932302222222222	0.823024
18500.0	107	3807	547.411214953271	2293341.0	0.9917150270270271	0.937168
19000.0	103	3910	614.6893203883495	2356654.0	0.9922753684210526	1.013008
19500.0	82	3992	575.1463414634146	2403816.0	0.986180923076923	0.754592
20000.0	107	4099	606.0747663551402	2468666.0	0.9874664000000001	1.0376
20500.0	96	4195	567.7083333333334	2523166.0	0.9846501463414633	0.872
21000.0	105	4300	648.5142857142857	2591260.0	0.9871466666666666	1.089504
21500.0	102	4402	597.8235294117648	2652238.0	0.9868792558139534	0.9756480000000001
22000.0	120	4522	590.4916666666667	2723097.0	0.9902170909090908	1.133744
22500.0	101	4623	534.7227722772277	2777104.0	0.9874147555555556	0.864112
23000.0	77	4700	551.3246753246754	2819556.0	0.9807151304347826	0.679232
23500.0	85	4785	586.435294117647	2869403.0	0.9768180425531915	0.7975519999999999
24000.0	103	4888	557.3398058252427	2926809.0	0.975603	0.918496
24500.0	113	5001	516.2566371681415	2985146.0	0.9747415510204082	0.9333919999999999
25000.0	115	5116	680.6173913043478	3063417.0	0.9802934400000001	1.252336
25500.0	120	5236	637.6	3139929.0	0.9850757647058823	1.224192
26000.0	107	5343	561.6168224299065	3200022.0	0.9846221538461539	0.9614879999999999
26500.0	109	5452	620.1651376146789	3267620.0	0.986451320754717	1.081568
27000.0	110	5562	593.3	3332883.0	0.9875208888888889	1.0442079999999998
27500.0	85	5647	605.7764705882353	3384374.0	0.9845451636363637	0.823856
28000.0	93	5740	566.4623655913979	3437055.0	0.9820157142857142	0.842896
28500.0	131	5871	583.1603053435115	3513449.0	0.9862312982456141	1.222304
29000.0	114	5985	611.2543859649123	3583132.0	0.9884502068965517	1.114928
29500.0	101	6086	589.0891089108911	3642630.0	0.9878318644067796	0.9519680000000001
30000.0	105	6191	624.9904761904762	3708254.0	0.9888677333333334	1.049984
30500.0	108	6299	673.5648148148148	3780999.0	0.9917374426229507	1.16392
31000.0	102	6401	642.9705882352941	3846582.0	0.9926663225806452	1.049328
31500.0	111	6512	607.2072072072073	3913982.0	0.9940271746031746	1.0784
32000.0	92	6604	670.4673913043479	3975665.0	0.99391625	0.9869280000000001
32500.0	106	6710	598.9245283018868	4039151.0	0.9942525538461539	1.015776
33000.0	105	6815	601.7238095238096	4102332.0	0.9945047272727272	1.010896
33500.0	91	6906	637.8791208791209	4160379.0	0.9935233432835822	0.9287520000000001
34000.0	101	7007	610.3366336633663	4222023.0	0.9934171764705884	0.986304
34500.0	99	7106	618.060606060606	4283211.0	0.993208347826087	0.9790079999999999
35000.0	100	7206	583.51	4341562.0	0.9923570285714286	0.933616
35500.0	108	7314	602.4722222222222	4406629.0	0.9930431549295775	1.0410719999999998
36000.0	113	7427	626.7168141592921	4477448.0	0.9949884444444445	1.133104
36500.0	124	7551	598.516129032258	4551664.0	0.9976249863013699	1.187456
37000.0	92	7643	539.054347826087	4601257.0	0.9948663783783783	0.793488
37500.0	93	7736	602.0215053763441	4657245.0	0.9935456000000001	0.895808
38000.0	109	7845	624.7889908256881	4725347.0	0.9948098947368421	1.089632
38500.0	87	7932	575.1149425287356	4775382.0	0.9922871688311689	0.8005599999999999
39000.0	99	8031	606.7979797979798	4835455.0	0.9918882051282051	0.961168
39500.0	87	8118	610.6896551724138	4888585.0	0.9900931645569621	0.8500800000000002
40000.0	99	8217	633.3838383838383	4951290.0	0.990258	1.00328
40500.0	113	8330	588.9646017699115	5017843.0	0.9911788641975309	1.064848
]; % Mon Oct 24 12:41:35 CEST 2022
