time[ms],#packets last interval,#packets overall,overall avrg. packetsize [byte],overall sum packetsize [byte],overall offer [Mb/s],offer last interval [Mb/s]
0.0,0,0,NaN,0.0,NaN,NaN
500.0,82,82,643.4756097560976,52765.0,0.84424,0.84424
1000.0,85,167,591.1294117647059,103011.0,0.824088,0.803936
1500.0,76,243,623.7368421052631,150415.0,0.8022133333333333,0.758464
2000.0,87,330,555.7471264367816,198765.0,0.79506,0.7736
2500.0,86,416,590.4186046511628,249541.0,0.7985312000000001,0.812416
3000.0,65,481,606.1846153846154,288943.0,0.7705146666666668,0.630432
3500.0,74,555,616.4324324324324,334559.0,0.7647062857142858,0.729856
4000.0,71,626,674.9577464788732,382481.0,0.764962,0.766752
4500.0,69,695,563.9130434782609,421391.0,0.7491395555555557,0.62256
5000.0,85,780,570.364705882353,469872.0,0.7517952000000001,0.775696
5500.0,68,848,604.5294117647059,510980.0,0.7432436363636363,0.657728
6000.0,66,914,613.0151515151515,551439.0,0.735252,0.647344
6500.0,80,994,596.2875,599142.0,0.7374055384615383,0.763248
7000.0,52,1046,588.1923076923077,629728.0,0.7196891428571428,0.48937600000000003
7500.0,82,1128,602.9146341463414,679167.0,0.7244447999999999,0.791024
8000.0,63,1191,536.4761904761905,712965.0,0.712965,0.540768
8500.0,75,1266,584.44,756798.0,0.7122804705882353,0.7013280000000001
9000.0,59,1325,611.3050847457627,792865.0,0.7047688888888889,0.577072
9500.0,70,1395,623.0,836475.0,0.7044,0.69776
10000.0,73,1468,604.6712328767123,880616.0,0.7044928,0.706256
10500.0,73,1541,647.8219178082192,927907.0,0.7069767619047619,0.756656
11000.0,77,1618,549.9480519480519,970253.0,0.7056385454545454,0.6775359999999999
11500.0,67,1685,548.4029850746268,1006996.0,0.7005189565217391,0.587888
12000.0,68,1753,579.7205882352941,1046417.0,0.6976113333333333,0.630736
12500.0,74,1827,552.6756756756756,1087315.0,0.6958816000000001,0.6543679999999998
13000.0,73,1900,554.8356164383562,1127818.0,0.6940418461538461,0.648048
13500.0,75,1975,563.0,1170043.0,0.6933588148148148,0.6756
14000.0,55,2030,594.9090909090909,1202763.0,0.6872931428571428,0.52352
14500.0,90,2120,684.0777777777778,1264330.0,0.6975613793103448,0.985072
15000.0,72,2192,494.94444444444446,1299966.0,0.6933151999999999,0.570176
15500.0,79,2271,601.2911392405064,1347468.0,0.6954673548387097,0.760032
16000.0,73,2344,554.3150684931506,1387933.0,0.6939665,0.64744
16500.0,79,2423,602.6708860759494,1435544.0,0.6960213333333334,0.761776
17000.0,69,2492,615.7391304347826,1478030.0,0.6955435294117647,0.679776
17500.0,72,2564,608.9166666666666,1521872.0,0.6957129142857142,0.701472
18000.0,92,2656,517.5434782608696,1569486.0,0.6975493333333334,0.7618240000000002
18500.0,80,2736,565.8625,1614755.0,0.6982724324324324,0.724304
19000.0,68,2804,590.6029411764706,1654916.0,0.6968067368421053,0.642576
19500.0,84,2888,603.5357142857143,1705613.0,0.6997386666666666,0.8111520000000001
20000.0,86,2974,596.3372093023256,1756898.0,0.7027591999999999,0.82056
20500.0,82,3056,551.0,1802080.0,0.7032507317073171,0.722912
21000.0,83,3139,623.5060240963855,1853831.0,0.7062213333333333,0.828016
21500.0,62,3201,606.8225806451613,1891454.0,0.7037968372093023,0.601968
22000.0,75,3276,538.3866666666667,1931833.0,0.7024847272727273,0.646064
22500.0,79,3355,525.5949367088608,1973355.0,0.7016373333333333,0.6643520000000002
23000.0,87,3442,576.6781609195402,2023526.0,0.7038351304347826,0.802736
23500.0,89,3531,614.1685393258427,2078187.0,0.707467914893617,0.8745760000000001
24000.0,82,3613,562.439024390244,2124307.0,0.7081023333333334,0.7379200000000001
24500.0,54,3667,629.2407407407408,2158286.0,0.7047464489795918,0.543664
25000.0,71,3738,551.9718309859155,2197476.0,0.70319232,0.62704
25500.0,61,3799,583.4918032786885,2233069.0,0.7005706666666667,0.569488
26000.0,81,3880,629.7530864197531,2284079.0,0.7027935384615385,0.81616
26500.0,75,3955,559.9733333333334,2326077.0,0.702211924528302,0.671968
27000.0,80,4035,566.6375,2371408.0,0.7026394074074074,0.725296
27500.0,85,4120,556.6588235294117,2418724.0,0.7036287999999999,0.757056
28000.0,83,4203,619.0963855421687,2470109.0,0.7057454285714285,0.82216
28500.0,68,4271,590.8088235294117,2510284.0,0.7046411228070175,0.6428
29000.0,46,4317,588.0,2537332.0,0.6999536551724138,0.432768
29500.0,78,4395,531.5384615384615,2578792.0,0.6993334237288137,0.66336
30000.0,66,4461,604.5909090909091,2618695.0,0.6983186666666666,0.638448
30500.0,83,4544,604.8795180722891,2668900.0,0.7000393442622952,0.8032799999999999
31000.0,64,4608,529.125,2702764.0,0.6974874838709677,0.541824
31500.0,84,4692,616.6785714285714,2754565.0,0.6995720634920636,0.828816
32000.0,73,4765,683.7260273972603,2804477.0,0.70111925,0.798592
32500.0,72,4837,604.1805555555555,2847978.0,0.7010407384615385,0.696016
33000.0,81,4918,630.1234567901234,2899018.0,0.7027922424242424,0.81664
33500.0,77,4995,550.4025974025974,2941399.0,0.7024236417910449,0.678096
34000.0,69,5064,541.2898550724638,2978748.0,0.7008818823529412,0.597584
34500.0,94,5158,600.8085106382979,3035224.0,0.7038200579710145,0.903616
35000.0,85,5243,583.2117647058824,3084797.0,0.7050964571428572,0.793168
35500.0,69,5312,678.8115942028985,3131635.0,0.7057205633802817,0.749408
36000.0,89,5401,572.3820224719101,3182577.0,0.7072393333333333,0.815072
36500.0,82,5483,643.0121951219512,3235304.0,0.7091077260273972,0.843632
37000.0,65,5548,612.723076923077,3275131.0,0.7081364324324324,0.637232
37500.0,61,5609,609.6065573770492,3312317.0,0.7066276266666666,0.594976
38000.0,15,5624,616.2,3321560.0,0.6992757894736842,0.147888
38500.0,63,5687,683.1587301587301,3364599.0,0.6991374545454545,0.688624
39000.0,74,5761,584.8378378378378,3407877.0,0.6990516923076923,0.692448
39500.0,78,5839,584.1153846153846,3453438.0,0.6994304810126583,0.728976
40000.0,77,5916,591.974025974026,3499020.0,0.699804,0.729312
40500.0,84,6000,627.9880952380952,3551771.0,0.7015843950617284,0.8440159999999999
