time[ms],#packets last interval,#packets overall,overall avrg. packetsize [byte],overall sum packetsize [byte],overall thrp [Mb/s],thrp last interval [Mb/s]
0.0,0,0,NaN,0.0,NaN,NaN
500.0,37,37,617.8108108108108,22859.0,0.365744,0.365744
1000.0,5,42,572.4,25721.0,0.205768,0.045792
1500.0,63,105,568.0,61505.0,0.32802666666666663,0.572544
2000.0,40,145,581.625,84770.0,0.33908,0.37224
2500.0,47,192,495.63829787234044,108065.0,0.345808,0.37272
3000.0,43,235,538.3720930232558,131215.0,0.3499066666666667,0.3704
3500.0,62,297,626.8548387096774,170080.0,0.38875428571428566,0.62184
4000.0,62,359,531.6290322580645,203041.0,0.406082,0.527376
4500.0,77,436,624.3636363636364,251117.0,0.4464302222222222,0.769216
5000.0,55,491,660.0363636363636,287419.0,0.4598704,0.580832
5500.0,69,560,516.927536231884,323087.0,0.4699447272727273,0.570688
6000.0,56,616,663.3928571428571,360237.0,0.480316,0.5944
6500.0,53,669,605.3396226415094,392320.0,0.4828553846153846,0.513328
7000.0,39,708,630.8461538461538,416923.0,0.47648342857142856,0.393648
7500.0,53,761,613.622641509434,449445.0,0.479408,0.520352
8000.0,47,808,651.7446808510638,480077.0,0.480077,0.49011199999999994
8500.0,57,865,658.7368421052631,517625.0,0.4871764705882353,0.600768
9000.0,47,912,642.7659574468086,547835.0,0.4869644444444444,0.48336000000000007
9500.0,60,972,598.5666666666667,583749.0,0.4915781052631579,0.574624
10000.0,57,1029,498.57894736842104,612168.0,0.48973439999999996,0.454704
10500.0,61,1090,591.1311475409836,648227.0,0.4938872380952381,0.576944
11000.0,63,1153,530.5714285714286,681653.0,0.4957476363636364,0.534816
11500.0,52,1205,605.6730769230769,713148.0,0.49610295652173914,0.50392
12000.0,78,1283,617.6666666666666,761326.0,0.5075506666666666,0.770848
12500.0,58,1341,617.5344827586207,797143.0,0.51017152,0.573072
13000.0,65,1406,594.5384615384615,835788.0,0.5143310769230769,0.61832
13500.0,50,1456,535.96,862586.0,0.5111620740740741,0.428768
14000.0,43,1499,468.09302325581393,882714.0,0.504408,0.322048
14500.0,59,1558,635.8813559322034,920231.0,0.5077136551724138,0.600272
15000.0,47,1605,650.1914893617021,950790.0,0.507088,0.488944
15500.0,64,1669,657.984375,992901.0,0.5124650322580645,0.673776
16000.0,54,1723,576.574074074074,1024036.0,0.512018,0.49815999999999994
16500.0,73,1796,612.4657534246576,1068746.0,0.5181798787878787,0.71536
17000.0,47,1843,615.1489361702128,1097658.0,0.5165449411764707,0.462592
17500.0,39,1882,605.9487179487179,1121290.0,0.5125897142857143,0.37811199999999995
18000.0,67,1949,634.7462686567164,1163818.0,0.5172524444444444,0.680448
18500.0,45,1994,538.5555555555555,1188053.0,0.5137526486486487,0.38776
19000.0,37,2031,567.3243243243244,1209044.0,0.5090711578947368,0.33585600000000004
19500.0,16,2047,613.6875,1218863.0,0.5000463589743589,0.157104
20000.0,32,2079,612.9375,1238477.0,0.49539079999999996,0.313824
20500.0,52,2131,611.8846153846154,1270295.0,0.4957248780487805,0.509088
21000.0,26,2157,636.5769230769231,1286846.0,0.49022704761904756,0.264816
21500.0,83,2240,610.1325301204819,1337487.0,0.49766958139534884,0.8102559999999999
22000.0,53,2293,657.433962264151,1372331.0,0.49902945454545455,0.557504
22500.0,53,2346,575.5283018867924,1402834.0,0.4987854222222222,0.4880479999999999
23000.0,59,2405,560.5932203389831,1435909.0,0.49944660869565216,0.5292
23500.0,42,2447,506.26190476190476,1457172.0,0.4960585531914894,0.340208
24000.0,40,2487,564.8,1479764.0,0.4932546666666666,0.361472
24500.0,59,2546,593.271186440678,1514767.0,0.49461779591836735,0.560048
25000.0,69,2615,642.8695652173913,1559125.0,0.49892,0.709728
25500.0,41,2656,503.1951219512195,1579756.0,0.4956097254901961,0.330096
26000.0,47,2703,670.5744680851063,1611273.0,0.4957763076923077,0.5042719999999999
26500.0,66,2769,542.3333333333334,1647067.0,0.49722777358490566,0.572704
27000.0,60,2829,605.4666666666667,1683395.0,0.49878370370370373,0.581248
27500.0,33,2862,650.3939393939394,1704858.0,0.4959586909090909,0.343408
28000.0,73,2935,536.5753424657535,1744028.0,0.4982937142857143,0.62672
28500.0,71,3006,618.0985915492957,1787913.0,0.5018703157894737,0.70216
29000.0,49,3055,597.9591836734694,1817213.0,0.5013001379310345,0.4688
29500.0,52,3107,656.8269230769231,1851368.0,0.5020658983050847,0.54648
30000.0,54,3161,643.2222222222222,1886102.0,0.5029605333333333,0.555744
30500.0,59,3220,606.8135593220339,1921904.0,0.5041059672131147,0.572832
31000.0,56,3276,609.8928571428571,1956058.0,0.5047891612903226,0.546464
31500.0,57,3333,497.6842105263158,1984426.0,0.5039812063492063,0.453888
32000.0,62,3395,560.8870967741935,2019201.0,0.50480025,0.5564
32500.0,86,3481,616.2325581395348,2072197.0,0.5100792615384615,0.8479359999999999
33000.0,54,3535,603.9074074074074,2104808.0,0.5102564848484848,0.521776
33500.0,63,3598,626.3968253968254,2144271.0,0.5120647164179104,0.631408
34000.0,47,3645,593.936170212766,2172186.0,0.5111025882352941,0.44664000000000004
34500.0,58,3703,614.5689655172414,2207831.0,0.5119608115942029,0.57032
35000.0,48,3751,604.4583333333334,2236845.0,0.5112788571428571,0.464224
35500.0,37,3788,652.8108108108108,2260999.0,0.5095209014084506,0.386464
36000.0,44,3832,576.0454545454545,2286345.0,0.5080766666666666,0.405536
36500.0,81,3913,659.0617283950618,2339729.0,0.5128173150684932,0.8541440000000001
37000.0,36,3949,649.8055555555555,2363122.0,0.5109452972972973,0.374288
37500.0,66,4015,595.439393939394,2402421.0,0.5125164799999999,0.628784
38000.0,56,4071,645.1071428571429,2438547.0,0.5133783157894737,0.578016
38500.0,57,4128,652.2982456140351,2475728.0,0.5144369870129871,0.594896
39000.0,55,4183,616.9636363636364,2509661.0,0.5148022564102563,0.542928
39500.0,60,4243,683.8333333333334,2550691.0,0.5165956455696202,0.65648
40000.0,65,4308,565.1846153846154,2587428.0,0.5174856,0.587792
40500.0,39,4347,600.3589743589744,2610842.0,0.5157218765432099,0.374624
