%=============================================================================================================================
% Result "thrp_SA2_DA1_AC2_ID_28_saturation__End". Mon Oct 24 14:15:26 CEST 2022.
%-----------------------------------------------------------------------------------------------------------------------------
% (0) time[ms] | (1) #packets last interval | (2) #packets overall | (3) overall avrg. packetsize [byte] | (4) overall sum packetsize [byte] | (5) overall thrp [Mb/s] | (6) thrp last interval [Mb/s]
%=============================================================================================================================
result_thrp_SA2_DA1_AC2_ID_28_saturation__End = [
0.0	0	0	NaN	0.0	NaN	NaN
500.0	218	218	605.0917431192661	131910.0	2.11056	2.11056
1000.0	254	472	542.9133858267717	269810.0	2.15848	2.2064
1500.0	246	718	630.8983739837398	425011.0	2.2667253333333335	2.483216
2000.0	255	973	586.5333333333333	574577.0	2.298308	2.393056
2500.0	247	1220	578.085020242915	717364.0	2.2955648	2.284592
3000.0	248	1468	597.1532258064516	865458.0	2.307888	2.369504
3500.0	246	1714	581.670731707317	1008549.0	2.305254857142857	2.289456
4000.0	217	1931	638.1981566820276	1147038.0	2.294076	2.215824
4500.0	249	2180	640.2931726907631	1306471.0	2.322615111111111	2.550928
5000.0	227	2407	599.1629955947136	1442481.0	2.3079696000000003	2.17616
5500.0	223	2630	622.6502242152467	1581332.0	2.300119272727273	2.221616
6000.0	247	2877	595.0485829959514	1728309.0	2.304412	2.351632
6500.0	249	3126	601.1807228915662	1878003.0	2.3113883076923076	2.395104
7000.0	251	3377	610.398406374502	2031213.0	2.321386285714286	2.45136
7500.0	225	3602	606.9688888888888	2167781.0	2.3122997333333335	2.185088
8000.0	241	3843	604.7759336099585	2313532.0	2.313532	2.332016
8500.0	260	4103	584.3192307692308	2465455.0	2.3204282352941177	2.430768
9000.0	251	4354	601.4661354581673	2616423.0	2.325709333333333	2.415488
9500.0	258	4612	592.3449612403101	2769248.0	2.3319983157894737	2.4452
10000.0	238	4850	626.0210084033613	2918241.0	2.3345928	2.383888
10500.0	248	5098	567.266129032258	3058923.0	2.330608	2.250912
11000.0	227	5325	587.5198237885462	3192290.0	2.3216654545454545	2.133872
11500.0	254	5579	605.6614173228346	3346128.0	2.327741217391304	2.461408
12000.0	233	5812	599.7296137339056	3485865.0	2.32391	2.235792
12500.0	240	6052	604.2083333333334	3630875.0	2.32376	2.32016
13000.0	251	6303	600.6892430278884	3781648.0	2.327168	2.412368
13500.0	237	6540	593.1434599156119	3922223.0	2.3242802962962967	2.2492
14000.0	269	6809	574.4312267657992	4076745.0	2.329568571428571	2.472352
14500.0	214	7023	602.2056074766355	4205617.0	2.320340413793103	2.061952
15000.0	224	7247	596.2723214285714	4339182.0	2.3142304	2.13704
15500.0	234	7481	578.542735042735	4474561.0	2.3094508387096777	2.166064
16000.0	252	7733	580.3293650793651	4620804.0	2.310402	2.339888
16500.0	251	7984	597.3625498007968	4770742.0	2.31308703030303	2.399008
17000.0	251	8235	565.9681274900398	4912800.0	2.3119058823529413	2.272928
17500.0	245	8480	572.0897959183674	5052962.0	2.3099254857142855	2.242592
18000.0	227	8707	628.2687224669603	5195579.0	2.309146222222222	2.281872
18500.0	242	8949	590.6528925619834	5338517.0	2.3085478918918922	2.287008
19000.0	232	9181	640.1336206896551	5487028.0	2.3103275789473683	2.376176
19500.0	245	9426	612.1265306122449	5636999.0	2.3126149743589743	2.399536
20000.0	229	9655	607.2183406113537	5776052.0	2.3104207999999997	2.224848
20500.0	235	9890	594.131914893617	5915673.0	2.308555317073171	2.233936
21000.0	204	10094	625.1813725490196	6043210.0	2.302175238095238	2.0405919999999997
21500.0	248	10342	601.0	6192258.0	2.304096	2.384768
22000.0	231	10573	626.2900432900433	6336931.0	2.3043385454545455	2.314768
22500.0	272	10845	560.7977941176471	6489468.0	2.3073664	2.440592
23000.0	223	11068	588.0448430493274	6620602.0	2.3028180869565213	2.098144
23500.0	231	11299	620.0952380952381	6763844.0	2.302585191489362	2.291872
24000.0	253	11552	570.7549407114625	6908245.0	2.3027483333333336	2.310416
24500.0	243	11795	601.5061728395061	7054411.0	2.3034811428571427	2.338656
25000.0	251	12046	607.9482071713147	7207006.0	2.3062419199999997	2.44152
25500.0	253	12299	590.8102766798419	7356481.0	2.3079156078431375	2.3916
26000.0	241	12540	593.2655601659751	7499458.0	2.3075255384615385	2.287632
26500.0	227	12767	597.5991189427313	7635113.0	2.3049397735849055	2.17048
27000.0	266	13033	560.2368421052631	7784136.0	2.3064106666666664	2.384368
27500.0	260	13293	584.2153846153847	7936032.0	2.3086638545454545	2.430336
28000.0	243	13536	617.0164609053498	8085967.0	2.3102762857142856	2.39896
28500.0	257	13793	607.9610894941634	8242213.0	2.3136036491228067	2.499936
29000.0	262	14055	604.912213740458	8400700.0	2.3174344827586206	2.535792
29500.0	269	14324	556.1226765799256	8550297.0	2.3187246101694914	2.393552
30000.0	243	14567	602.7777777777778	8696772.0	2.3191392000000004	2.3436
30500.0	250	14817	564.82	8837977.0	2.3181579016393443	2.25928
31000.0	255	15072	603.2666666666667	8991810.0	2.3204670967741934	2.461328
31500.0	233	15305	645.3476394849786	9142176.0	2.321822476190476	2.405856
32000.0	226	15531	624.2831858407079	9283264.0	2.320816	2.257408
32500.0	242	15773	596.2768595041322	9427563.0	2.320630892307692	2.308784
33000.0	223	15996	621.1390134529148	9566077.0	2.31904896969697	2.216224
33500.0	230	16226	608.6217391304348	9706060.0	2.317865074626866	2.239728
34000.0	259	16485	594.3011583011584	9859984.0	2.3199962352941177	2.462784
34500.0	213	16698	586.8826291079812	9984990.0	2.31536	2.000096
35000.0	240	16938	561.4	1.0119726E7	2.3130802285714283	2.155776
35500.0	247	17185	582.7530364372469	1.0263666E7	2.3129388169014082	2.30304
36000.0	246	17431	589.5934959349594	1.0408706E7	2.313045777777778	2.32064
36500.0	254	17685	599.7716535433071	1.0561048E7	2.3147502465753425	2.437472
37000.0	271	17956	575.7712177121771	1.0717082E7	2.317206918918919	2.496544
37500.0	256	18212	589.27734375	1.0867937E7	2.3184932266666665	2.41368
38000.0	283	18495	618.1978798586572	1.1042887E7	2.3248183157894737	2.7991999999999995
38500.0	229	18724	594.4978165938865	1.1179027E7	2.3229147012987017	2.17824
39000.0	250	18974	545.64	1.1315437E7	2.321115282051282	2.18256
39500.0	211	19185	635.2037914691944	1.1449465E7	2.318878987341772	2.144448
40000.0	252	19437	600.4166666666666	1.160077E7	2.320154	2.42088
40500.0	232	19669	620.6465517241379	1.174476E7	2.319952592592593	2.30384
]; % Mon Oct 24 14:15:30 CEST 2022
