time[ms],#packets last interval,#packets overall,overall avrg. packetsize [byte],overall sum packetsize [byte],overall thrp [Mb/s],thrp last interval [Mb/s]
0.0,0,0,NaN,0.0,NaN,NaN
500.0,60,60,601.6333333333333,36098.0,0.577568,0.577568
1000.0,54,114,607.7777777777778,68918.0,0.551344,0.52512
1500.0,43,157,523.1627906976744,91414.0,0.4875413333333333,0.359936
2000.0,39,196,602.0512820512821,114894.0,0.459576,0.37568000000000007
2500.0,52,248,617.4038461538462,146999.0,0.4703968,0.51368
3000.0,53,301,693.622641509434,183761.0,0.4900293333333333,0.588192
3500.0,57,358,679.4736842105264,222491.0,0.5085508571428571,0.61968
4000.0,50,408,626.02,253792.0,0.507584,0.500816
4500.0,36,444,635.1944444444445,276659.0,0.4918382222222222,0.365872
5000.0,49,493,645.3469387755102,308281.0,0.49324959999999995,0.505952
5500.0,45,538,535.6222222222223,332384.0,0.4834676363636364,0.385648
6000.0,53,591,577.4150943396227,362987.0,0.48398266666666667,0.489648
6500.0,44,635,633.6590909090909,390868.0,0.4810683076923077,0.446096
7000.0,54,689,652.7037037037037,426114.0,0.48698742857142857,0.563936
7500.0,38,727,593.3421052631579,448661.0,0.47857173333333336,0.360752
8000.0,47,774,588.1914893617021,476306.0,0.476306,0.44232
8500.0,48,822,567.0416666666666,503524.0,0.47390494117647053,0.435488
9000.0,48,870,570.6458333333334,530915.0,0.4719244444444444,0.438256
9500.0,20,890,605.3,543021.0,0.45728084210526315,0.193696
10000.0,51,941,605.8823529411765,573921.0,0.4591368,0.4944
10500.0,49,990,619.530612244898,604278.0,0.46040228571428576,0.485712
11000.0,62,1052,597.5322580645161,641325.0,0.46641818181818184,0.592752
11500.0,36,1088,622.9722222222222,663752.0,0.46174052173913044,0.358832
12000.0,48,1136,681.75,696476.0,0.46431733333333336,0.523584
12500.0,58,1194,523.2586206896551,726825.0,0.465168,0.48558399999999996
13000.0,50,1244,537.14,753682.0,0.4638043076923077,0.429712
13500.0,46,1290,587.8913043478261,780725.0,0.46265185185185187,0.432688
14000.0,47,1337,655.2765957446809,811523.0,0.46372742857142857,0.492768
14500.0,43,1380,691.5813953488372,841261.0,0.464144,0.475808
15000.0,60,1440,634.7833333333333,879348.0,0.4689856,0.609392
15500.0,54,1494,624.925925925926,913094.0,0.47127432258064517,0.539936
16000.0,51,1545,609.2745098039215,944167.0,0.4720835,0.497168
16500.0,48,1593,527.3125,969478.0,0.4700499393939394,0.404976
17000.0,47,1640,619.8723404255319,998612.0,0.4699350588235294,0.466144
17500.0,54,1694,515.425925925926,1026445.0,0.469232,0.44532800000000006
18000.0,41,1735,573.9756097560976,1049978.0,0.4666568888888889,0.376528
18500.0,50,1785,682.28,1084092.0,0.46879654054054054,0.545824
19000.0,50,1835,689.28,1118556.0,0.470970947368421,0.551424
19500.0,59,1894,609.3898305084746,1154510.0,0.4736451282051283,0.575264
20000.0,38,1932,660.1578947368421,1179596.0,0.4718384,0.401376
20500.0,32,1964,609.1875,1199090.0,0.46793756097560973,0.311904
21000.0,60,2024,593.1333333333333,1234678.0,0.47035352380952383,0.569408
21500.0,47,2071,573.5744680851063,1261636.0,0.4694459534883721,0.43132799999999993
22000.0,48,2119,689.2708333333334,1294721.0,0.47080763636363643,0.52936
22500.0,37,2156,616.8108108108108,1317543.0,0.46845973333333335,0.365152
23000.0,42,2198,512.8095238095239,1339081.0,0.4657673043478261,0.344608
23500.0,52,2250,582.8846153846154,1369391.0,0.46617565957446805,0.48496
24000.0,45,2295,547.4222222222222,1394025.0,0.464675,0.394144
24500.0,44,2339,591.6363636363636,1420057.0,0.4636920816326531,0.416512
25000.0,38,2377,633.7105263157895,1444138.0,0.46212416,0.385296
25500.0,33,2410,647.0,1465489.0,0.4597612549019608,0.341616
26000.0,43,2453,654.8837209302326,1493649.0,0.4595843076923077,0.45056
26500.0,56,2509,572.3214285714286,1525699.0,0.46058837735849056,0.5128
27000.0,34,2543,622.5294117647059,1546865.0,0.45833037037037033,0.338656
27500.0,43,2586,602.4883720930233,1572772.0,0.45753367272727274,0.414512
28000.0,44,2630,620.3863636363636,1600069.0,0.4571625714285714,0.436752
28500.0,39,2669,614.6410256410256,1624040.0,0.45587087719298247,0.383536
29000.0,47,2716,696.3404255319149,1656768.0,0.45703944827586207,0.523648
29500.0,42,2758,634.952380952381,1683436.0,0.45652501694915254,0.426688
30000.0,58,2816,685.4827586206897,1723194.0,0.45951839999999994,0.636128
30500.0,40,2856,660.725,1749623.0,0.45891750819672134,0.422864
31000.0,45,2901,589.0,1776128.0,0.4583556129032258,0.42408
31500.0,34,2935,583.4117647058823,1795964.0,0.4561178412698413,0.317376
32000.0,44,2979,630.9772727272727,1823727.0,0.45593175,0.444208
32500.0,51,3030,595.3921568627451,1854092.0,0.4563918769230769,0.48584
33000.0,45,3075,589.3111111111111,1880611.0,0.45590569696969696,0.424304
33500.0,38,3113,630.1842105263158,1904558.0,0.4548198208955224,0.383152
34000.0,36,3149,551.7222222222222,1924420.0,0.45280470588235294,0.317792
34500.0,50,3199,609.82,1954911.0,0.4533126956521739,0.48785600000000007
35000.0,43,3242,674.5116279069767,1983915.0,0.45346628571428577,0.464064
35500.0,47,3289,638.063829787234,2013904.0,0.45383752112676057,0.4798239999999999
36000.0,35,3324,580.2857142857143,2034214.0,0.45204755555555554,0.32496
36500.0,30,3354,558.7666666666667,2050977.0,0.449529205479452,0.268208
37000.0,41,3395,617.609756097561,2076299.0,0.44892951351351357,0.405152
37500.0,43,3438,637.3488372093024,2103705.0,0.4487904,0.438496
38000.0,52,3490,604.5192307692307,2135140.0,0.4495031578947368,0.50296
38500.0,51,3541,552.8039215686274,2163333.0,0.44952374025974023,0.45108799999999993
39000.0,49,3590,633.0612244897959,2194353.0,0.45012369230769234,0.49632
39500.0,59,3649,531.1864406779661,2225693.0,0.4507732658227848,0.50144
40000.0,43,3692,509.16279069767444,2247587.0,0.4495174,0.350304
40500.0,44,3736,633.7727272727273,2275473.0,0.4494761481481481,0.446176
