time[ms],#packets last interval,#packets overall,overall avrg. packetsize [byte],overall sum packetsize [byte],overall thrp [Mb/s],thrp last interval [Mb/s]
0.0,0,0,NaN,0.0,NaN,NaN
500.0,44,44,569.7954545454545,25071.0,0.401136,0.401136
1000.0,65,109,617.2461538461539,65192.0,0.5215359999999999,0.641936
1500.0,41,150,689.3414634146342,93455.0,0.4984266666666667,0.452208
2000.0,38,188,616.9736842105264,116900.0,0.4676,0.37512
2500.0,60,248,672.9,157274.0,0.5032768,0.645984
3000.0,59,307,543.6271186440678,189348.0,0.504928,0.513184
3500.0,60,367,569.2166666666667,223501.0,0.5108594285714286,0.546448
4000.0,22,389,558.9545454545455,235798.0,0.471596,0.196752
4500.0,38,427,560.2631578947369,257088.0,0.45704533333333336,0.34064
5000.0,63,490,629.8253968253969,296767.0,0.4748272,0.634864
5500.0,36,526,626.8888888888889,319335.0,0.46448727272727275,0.361088
6000.0,32,558,581.8125,337953.0,0.450604,0.297888
6500.0,43,601,696.7441860465116,367913.0,0.452816,0.47935999999999995
7000.0,80,681,641.125,419203.0,0.4790891428571428,0.82064
7500.0,45,726,577.6666666666666,445198.0,0.47487786666666665,0.41592
8000.0,52,778,601.9615384615385,476500.0,0.4765,0.500832
8500.0,86,864,589.2093023255813,527172.0,0.49616188235294123,0.8107519999999999
9000.0,41,905,536.1951219512196,549156.0,0.48813866666666667,0.35174400000000006
9500.0,56,961,583.3571428571429,581824.0,0.4899570526315789,0.522688
10000.0,47,1008,583.8936170212766,609267.0,0.4874136,0.4390879999999999
10500.0,17,1025,695.4705882352941,621090.0,0.47321142857142856,0.189168
11000.0,49,1074,710.6122448979592,655910.0,0.47702545454545453,0.55712
11500.0,49,1123,588.6326530612245,684753.0,0.47634991304347823,0.461488
12000.0,68,1191,515.9411764705883,719837.0,0.47989133333333334,0.561344
12500.0,56,1247,526.6964285714286,749332.0,0.47957247999999997,0.47192
13000.0,68,1315,592.1176470588235,789596.0,0.48590523076923076,0.644224
13500.0,43,1358,655.7674418604652,817794.0,0.4846186666666667,0.45116800000000007
14000.0,34,1392,618.1470588235294,838811.0,0.47932057142857143,0.336272
14500.0,40,1432,680.2,866019.0,0.47780358620689656,0.435328
15000.0,62,1494,671.1774193548387,907632.0,0.4840704,0.665808
15500.0,69,1563,592.1449275362319,948490.0,0.48954322580645165,0.653728
16000.0,62,1625,556.516129032258,982994.0,0.491497,0.552064
16500.0,44,1669,579.4545454545455,1008490.0,0.48896484848484845,0.407936
17000.0,51,1720,603.9019607843137,1039289.0,0.48907717647058824,0.492784
17500.0,12,1732,361.5,1043627.0,0.47708662857142853,0.069408
18000.0,40,1772,583.75,1066977.0,0.474212,0.3736
18500.0,61,1833,606.7049180327868,1103986.0,0.47739935135135136,0.592144
19000.0,65,1898,577.8,1141543.0,0.4806496842105263,0.600912
19500.0,43,1941,608.9069767441861,1167726.0,0.47906707692307693,0.418928
20000.0,44,1985,671.8409090909091,1197287.0,0.4789148,0.472976
20500.0,51,2036,624.5882352941177,1229141.0,0.47966478048780486,0.509664
21000.0,33,2069,599.6060606060606,1248928.0,0.4757820952380952,0.316592
21500.0,42,2111,624.1666666666666,1275143.0,0.47447181395348836,0.41944
22000.0,44,2155,626.9545454545455,1302729.0,0.47371963636363634,0.441376
22500.0,58,2213,579.6379310344828,1336348.0,0.47514595555555555,0.537904
23000.0,45,2258,560.4,1361566.0,0.4735881739130435,0.403488
23500.0,56,2314,590.3035714285714,1394623.0,0.4747652765957447,0.528912
24000.0,58,2372,662.0344827586207,1433021.0,0.47767366666666666,0.614368
24500.0,34,2406,704.6470588235294,1456979.0,0.4757482448979592,0.383328
25000.0,26,2432,521.9615384615385,1470550.0,0.470576,0.217136
25500.0,52,2484,557.6923076923077,1499550.0,0.4704470588235294,0.4640000000000001
26000.0,56,2540,582.375,1532163.0,0.47143476923076927,0.521808
26500.0,65,2605,611.123076923077,1571886.0,0.47453162264150944,0.635568
27000.0,37,2642,583.7297297297297,1593484.0,0.47214340740740735,0.345568
27500.0,44,2686,586.2272727272727,1619278.0,0.4710626909090909,0.412704
28000.0,39,2725,561.4871794871794,1641176.0,0.4689074285714286,0.350368
28500.0,22,2747,629.7727272727273,1655031.0,0.46457010526315784,0.22168
29000.0,69,2816,584.0144927536232,1695328.0,0.4676766896551724,0.6447520000000001
29500.0,66,2882,645.0454545454545,1737901.0,0.47129518644067797,0.681168
30000.0,56,2938,561.9464285714286,1769370.0,0.471832,0.503504
30500.0,42,2980,664.0952380952381,1797262.0,0.47141298360655737,0.446272
31000.0,54,3034,599.8703703703703,1829655.0,0.47216903225806456,0.518288
31500.0,69,3103,636.0,1873539.0,0.4758194285714285,0.702144
32000.0,37,3140,586.1351351351351,1895226.0,0.4738065,0.346992
32500.0,39,3179,669.4358974358975,1921334.0,0.47294375384615384,0.417728
33000.0,61,3240,622.7049180327868,1959319.0,0.4749864242424242,0.60776
33500.0,46,3286,622.1739130434783,1987939.0,0.4747317014925373,0.45792
34000.0,73,3359,605.6027397260274,2032148.0,0.4781524705882353,0.707344
34500.0,59,3418,583.3050847457627,2066563.0,0.4792030144927536,0.55064
35000.0,61,3479,617.983606557377,2104260.0,0.4809737142857143,0.603152
35500.0,56,3535,516.375,2133177.0,0.48071594366197185,0.462672
36000.0,39,3574,621.2051282051282,2157404.0,0.47942311111111113,0.387632
36500.0,65,3639,613.5846153846154,2197287.0,0.48159715068493153,0.638128
37000.0,63,3702,623.1269841269841,2236544.0,0.48357708108108105,0.628112
37500.0,58,3760,654.1379310344828,2274484.0,0.4852232533333334,0.60704
38000.0,61,3821,606.4426229508197,2311477.0,0.4866267368421053,0.591888
38500.0,22,3843,632.5,2325392.0,0.4831983376623377,0.22264
39000.0,32,3875,621.71875,2345287.0,0.4810845128205128,0.31832
39500.0,44,3919,512.1818181818181,2367823.0,0.47955908860759494,0.36057599999999995
40000.0,45,3964,673.7555555555556,2398142.0,0.4796284,0.485104
40500.0,38,4002,611.8684210526316,2421393.0,0.47829985185185186,0.372016
