time[ms],#packets last interval,#packets overall,overall avrg. packetsize [byte],overall sum packetsize [byte],overall thrp [Mb/s],thrp last interval [Mb/s]
0.0,0,0,NaN,0.0,NaN,NaN
500.0,83,83,536.5301204819277,44532.0,0.712512,0.712512
1000.0,54,137,624.6666666666666,78264.0,0.626112,0.539712
1500.0,53,190,668.9811320754717,113720.0,0.6065066666666666,0.567296
2000.0,57,247,681.7719298245614,152581.0,0.610324,0.621776
2500.0,72,319,545.1111111111111,191829.0,0.6138528000000001,0.627968
3000.0,69,388,665.2463768115942,237731.0,0.6339493333333334,0.734432
3500.0,43,431,622.046511627907,264479.0,0.6045234285714285,0.427968
4000.0,40,471,654.425,290656.0,0.581312,0.418832
4500.0,70,541,556.9285714285714,329641.0,0.5860284444444444,0.62376
5000.0,47,588,658.936170212766,360611.0,0.5769776000000001,0.49552000000000007
5500.0,81,669,585.7901234567901,408060.0,0.5935418181818182,0.7591839999999999
6000.0,65,734,715.6615384615385,454578.0,0.606104,0.744288
6500.0,93,827,615.0752688172043,511780.0,0.629883076923077,0.9152320000000002
7000.0,68,895,591.6911764705883,552015.0,0.6308742857142858,0.64376
7500.0,53,948,636.0943396226415,585728.0,0.6247765333333333,0.539408
8000.0,73,1021,641.3698630136986,632548.0,0.632548,0.74912
8500.0,90,1111,560.8555555555556,683025.0,0.6428470588235294,0.8076320000000001
9000.0,46,1157,554.9565217391304,708553.0,0.6298248888888889,0.4084479999999999
9500.0,72,1229,638.7777777777778,754545.0,0.6354063157894736,0.735872
10000.0,63,1292,575.4761904761905,790800.0,0.63264,0.58008
10500.0,73,1365,646.3424657534247,837983.0,0.6384632380952381,0.754928
11000.0,79,1444,554.8227848101266,881814.0,0.6413192727272727,0.701296
11500.0,49,1493,553.3469387755102,908928.0,0.6322977391304349,0.433824
12000.0,63,1556,641.3174603174604,949331.0,0.6328873333333334,0.646448
12500.0,52,1608,591.5384615384615,980091.0,0.62725824,0.49216
13000.0,38,1646,511.36842105263156,999523.0,0.6150910769230769,0.310912
13500.0,55,1701,619.3090909090909,1033585.0,0.6124948148148148,0.544992
14000.0,83,1784,620.9518072289156,1085124.0,0.6200708571428571,0.824624
14500.0,57,1841,612.859649122807,1120057.0,0.6179624827586206,0.558928
15000.0,62,1903,637.4516129032259,1159579.0,0.6184421333333333,0.632352
15500.0,66,1969,601.4848484848485,1199277.0,0.6189816774193548,0.635168
16000.0,62,2031,646.0967741935484,1239335.0,0.6196675,0.640928
16500.0,59,2090,593.7796610169491,1274368.0,0.617875393939394,0.560528
17000.0,87,2177,648.8045977011494,1330814.0,0.6262654117647058,0.903136
17500.0,64,2241,618.3125,1370386.0,0.6264621714285714,0.633152
18000.0,72,2313,657.6944444444445,1417740.0,0.6301066666666666,0.757664
18500.0,55,2368,610.1636363636363,1451299.0,0.6275887567567568,0.536944
19000.0,56,2424,538.8035714285714,1481472.0,0.6237776842105263,0.482768
19500.0,65,2489,605.7846153846153,1520848.0,0.623937641025641,0.630016
20000.0,68,2557,680.6470588235294,1567132.0,0.6268528000000001,0.740544
20500.0,54,2611,557.925925925926,1597260.0,0.6233209756097562,0.48204800000000003
21000.0,66,2677,671.8484848484849,1641602.0,0.6253721904761904,0.709472
21500.0,83,2760,606.9638554216867,1691980.0,0.6295739534883722,0.806048
22000.0,72,2832,529.9444444444445,1730136.0,0.6291403636363636,0.610496
22500.0,55,2887,654.7636363636364,1766148.0,0.6279637333333334,0.576192
23000.0,51,2938,571.9019607843137,1795315.0,0.6244573913043479,0.466672
23500.0,87,3025,620.6321839080459,1849310.0,0.629552340425532,0.8639199999999999
24000.0,81,3106,569.0987654320987,1895407.0,0.6318023333333332,0.737552
24500.0,97,3203,580.8556701030927,1951750.0,0.6373061224489797,0.9014879999999998
25000.0,72,3275,621.3333333333334,1996486.0,0.63887552,0.715776
25500.0,35,3310,596.0571428571428,2017348.0,0.6328934901960784,0.333792
26000.0,61,3371,548.0491803278688,2050779.0,0.6310089230769231,0.534896
26500.0,71,3442,606.7183098591549,2093856.0,0.6321074716981131,0.689232
27000.0,79,3521,626.5696202531645,2143355.0,0.635068148148148,0.791984
27500.0,44,3565,713.9545454545455,2174769.0,0.6326600727272726,0.502624
28000.0,60,3625,683.5166666666667,2215780.0,0.63308,0.656176
28500.0,98,3723,589.1530612244898,2273517.0,0.6381802105263158,0.923792
29000.0,65,3788,525.7076923076924,2307688.0,0.6366035862068966,0.546736
29500.0,69,3857,600.7391304347826,2349139.0,0.6370546440677967,0.663216
30000.0,80,3937,582.625,2395749.0,0.6388664000000001,0.74576
30500.0,70,4007,609.7857142857143,2438434.0,0.6395892459016393,0.68296
31000.0,71,4078,590.3661971830986,2480350.0,0.6400903225806452,0.670656
31500.0,67,4145,635.1044776119403,2522902.0,0.6407370158730159,0.680832
32000.0,73,4218,520.8630136986301,2560925.0,0.64023125,0.6083679999999999
32500.0,80,4298,615.2375,2610144.0,0.6424969846153846,0.787504
33000.0,82,4380,590.6585365853658,2658578.0,0.6445037575757576,0.774944
33500.0,72,4452,601.3611111111111,2701876.0,0.645224119402985,0.692768
34000.0,56,4508,528.7142857142857,2731484.0,0.6427021176470588,0.4737279999999999
34500.0,70,4578,570.8714285714286,2771445.0,0.6426539130434783,0.639376
35000.0,68,4646,621.6470588235294,2813717.0,0.6431353142857141,0.676352
35500.0,67,4713,566.8507462686567,2851696.0,0.6426357183098592,0.607664
36000.0,39,4752,490.87179487179486,2870840.0,0.6379644444444444,0.306304
36500.0,69,4821,644.0579710144928,2915280.0,0.6389654794520547,0.71104
37000.0,87,4908,592.2873563218391,2966809.0,0.6414722162162162,0.824464
37500.0,60,4968,605.1666666666666,3003119.0,0.6406653866666667,0.58096
38000.0,49,5017,541.2244897959183,3029639.0,0.6378187368421053,0.4243199999999999
38500.0,52,5069,579.4615384615385,3059771.0,0.6357965714285714,0.482112
39000.0,56,5125,592.3928571428571,3092945.0,0.6344502564102564,0.530784
39500.0,79,5204,613.7721518987341,3141433.0,0.6362395949367088,0.775808
40000.0,61,5265,582.2950819672132,3176953.0,0.6353906,0.56832
40500.0,65,5330,613.8923076923077,3216856.0,0.6354283456790123,0.638448
