%=============================================================================================================================
% Result "thrp_SA6_DA1_AC2_ID_84_data__End". Mon Oct 24 12:52:01 CEST 2022.
%-----------------------------------------------------------------------------------------------------------------------------
% (0) time[ms] | (1) #packets last interval | (2) #packets overall | (3) overall avrg. packetsize [byte] | (4) overall sum packetsize [byte] | (5) overall thrp [Mb/s] | (6) thrp last interval [Mb/s]
%=============================================================================================================================
result_thrp_SA6_DA1_AC2_ID_84_data__End = [
0.0	0	0	NaN	0.0	NaN	NaN
500.0	94	94	598.968085106383	56303.0	0.900848	0.900848
1000.0	98	192	507.734693877551	106061.0	0.848488	0.796128
1500.0	92	284	566.8586956521739	158212.0	0.8437973333333333	0.834416
2000.0	87	371	619.2298850574713	212085.0	0.84834	0.861968
2500.0	90	461	619.0555555555555	267800.0	0.85696	0.89144
3000.0	82	543	647.8536585365854	320924.0	0.8557973333333333	0.849984
3500.0	86	629	596.8372093023256	372252.0	0.8508617142857142	0.821248
4000.0	85	714	605.364705882353	423708.0	0.847416	0.823296
4500.0	79	793	634.1139240506329	473803.0	0.8423164444444444	0.80152
5000.0	93	886	596.7096774193549	529297.0	0.8468751999999999	0.887904
5500.0	61	947	570.8360655737705	564118.0	0.8205352727272727	0.557136
6000.0	105	1052	565.7333333333333	623520.0	0.83136	0.950432
6500.0	89	1141	593.2134831460675	676316.0	0.8323889230769231	0.8447360000000002
7000.0	99	1240	593.7171717171717	735094.0	0.8401074285714286	0.940448
7500.0	74	1314	579.581081081081	777983.0	0.8298485333333333	0.686224
8000.0	77	1391	626.0909090909091	826192.0	0.826192	0.771344
8500.0	83	1474	595.0481927710844	875581.0	0.8240762352941176	0.790224
9000.0	84	1558	655.8452380952381	930672.0	0.827264	0.881456
9500.0	81	1639	596.395061728395	978980.0	0.8244042105263157	0.772928
10000.0	84	1723	656.5595238095239	1034131.0	0.8273048000000001	0.882416
10500.0	81	1804	641.3086419753087	1086077.0	0.827487238095238	0.831136
11000.0	91	1895	576.978021978022	1138582.0	0.8280596363636363	0.84008
11500.0	101	1996	556.960396039604	1194835.0	0.8311895652173914	0.9000480000000001
12000.0	69	2065	534.8840579710145	1231742.0	0.8211613333333334	0.590512
12500.0	78	2143	557.4102564102565	1275220.0	0.8161408	0.6956480000000002
13000.0	52	2195	621.8846153846154	1307558.0	0.804651076923077	0.517408
13500.0	87	2282	635.551724137931	1362851.0	0.8076154074074074	0.884688
14000.0	88	2370	641.0227272727273	1419261.0	0.8110062857142857	0.90256
14500.0	94	2464	575.2234042553191	1473332.0	0.8128728275862068	0.865136
15000.0	90	2554	624.7777777777778	1529562.0	0.8157664	0.8996800000000001
15500.0	97	2651	557.1030927835052	1583601.0	0.8173424516129033	0.864624
16000.0	77	2728	549.4155844155844	1625906.0	0.812953	0.6768799999999999
16500.0	86	2814	625.6860465116279	1679715.0	0.8144072727272728	0.860944
17000.0	70	2884	624.1571428571428	1723406.0	0.811014588235294	0.699056
17500.0	98	2982	625.8877551020408	1784743.0	0.8158825142857142	0.981392
18000.0	90	3072	609.1333333333333	1839565.0	0.8175844444444444	0.877152
18500.0	74	3146	654.9324324324324	1888030.0	0.8164454054054053	0.77544
19000.0	111	3257	547.7567567567568	1948831.0	0.8205604210526316	0.972816
19500.0	79	3336	711.9620253164557	2005076.0	0.8225952820512821	0.89992
20000.0	73	3409	629.1917808219179	2051007.0	0.8204027999999999	0.7348960000000001
20500.0	69	3478	598.304347826087	2092290.0	0.8165034146341463	0.660528
21000.0	92	3570	602.0760869565217	2147681.0	0.8181641904761904	0.886256
21500.0	104	3674	552.4519230769231	2205136.0	0.8205157209302325	0.91928
22000.0	71	3745	536.6619718309859	2243239.0	0.8157232727272727	0.6096479999999999
22500.0	102	3847	589.1862745098039	2303336.0	0.8189639111111111	0.9615519999999999
23000.0	81	3928	588.9135802469136	2351038.0	0.8177523478260871	0.763232
23500.0	91	4019	574.5824175824176	2403325.0	0.8181531914893617	0.8365920000000001
24000.0	93	4112	574.6344086021505	2456766.0	0.818922	0.855056
24500.0	90	4202	602.9444444444445	2511031.0	0.8199284897959184	0.86824
25000.0	76	4278	564.4473684210526	2553929.0	0.81725728	0.686368
25500.0	78	4356	618.2820512820513	2602155.0	0.8163623529411765	0.771616
26000.0	98	4454	567.1428571428571	2657735.0	0.8177646153846154	0.88928
26500.0	89	4543	599.3932584269663	2711081.0	0.8184395471698114	0.853536
27000.0	82	4625	634.780487804878	2763133.0	0.818706074074074	0.832832
27500.0	82	4707	582.0975609756098	2810865.0	0.8177061818181818	0.763712
28000.0	69	4776	547.7246376811594	2848658.0	0.8139022857142858	0.604688
28500.0	82	4858	611.4512195121952	2898797.0	0.813697403508772	0.802224
29000.0	83	4941	621.8915662650602	2950414.0	0.8139073103448276	0.8258719999999998
29500.0	73	5014	652.0	2998010.0	0.8130196610169491	0.761536
30000.0	81	5095	624.8395061728395	3048622.0	0.8129658666666667	0.809792
30500.0	64	5159	559.734375	3084445.0	0.8090347540983607	0.573168
31000.0	85	5244	560.3058823529411	3132071.0	0.8082763870967742	0.7620159999999999
31500.0	88	5332	583.5113636363636	3183420.0	0.808487619047619	0.821584
32000.0	82	5414	628.780487804878	3234980.0	0.808745	0.82496
32500.0	99	5513	639.4040404040404	3298281.0	0.8118845538461538	1.012816
33000.0	81	5594	591.8518518518518	3346221.0	0.811205090909091	0.76704
33500.0	73	5667	694.8767123287671	3396947.0	0.8112112238805971	0.811616
34000.0	80	5747	657.425	3449541.0	0.8116567058823531	0.841504
34500.0	97	5844	581.5463917525773	3505951.0	0.8129741449275363	0.9025599999999999
35000.0	79	5923	652.5949367088608	3557506.0	0.8131442285714285	0.8248800000000002
35500.0	70	5993	593.7714285714286	3599070.0	0.8110580281690141	0.665024
36000.0	66	6059	639.7424242424242	3641293.0	0.8091762222222223	0.675568
36500.0	87	6146	622.5632183908046	3695456.0	0.8099629589041095	0.8666080000000002
37000.0	84	6230	622.4761904761905	3747744.0	0.810323027027027	0.836608
37500.0	100	6330	589.32	3806676.0	0.81209088	0.9429120000000001
38000.0	74	6404	589.5135135135135	3850300.0	0.8105894736842104	0.697984
38500.0	81	6485	588.1851851851852	3897943.0	0.8099621818181818	0.762288
39000.0	78	6563	635.2435897435897	3947492.0	0.8097419487179488	0.792784
39500.0	91	6654	583.9010989010989	4000627.0	0.8102535696202532	0.85016
40000.0	90	6744	540.9888888888889	4049316.0	0.8098632	0.7790240000000002
40500.0	69	6813	535.5942028985507	4086272.0	0.8071648395061728	0.591296
]; % Mon Oct 24 12:52:06 CEST 2022
