time[ms],#packets last interval,#packets overall,overall avrg. packetsize [byte],overall sum packetsize [byte],overall thrp [Mb/s],thrp last interval [Mb/s]
0.0,0,0,NaN,0.0,NaN,NaN
500.0,8,8,508.75,4070.0,0.06512000000000001,0.06512
1000.0,10,18,504.2,9112.0,0.072896,0.080672
1500.0,10,28,548.4,14596.0,0.07784533333333332,0.087744
2000.0,8,36,445.75,18162.0,0.072648,0.057056
2500.0,10,46,367.2,21834.0,0.0698688,0.058752
3000.0,8,54,349.875,24633.0,0.065688,0.044784
3500.0,9,63,459.22222222222223,28766.0,0.06575085714285714,0.066128
4000.0,8,71,430.125,32207.0,0.064414,0.055056
4500.0,9,80,542.0,37085.0,0.06592888888888888,0.078048
5000.0,9,89,523.6666666666666,41798.0,0.0668768,0.075408
5500.0,10,99,377.3,45571.0,0.06628509090909092,0.060368
6000.0,7,106,560.2857142857143,49493.0,0.06599066666666667,0.062752
6500.0,11,117,354.1818181818182,53389.0,0.06570953846153846,0.062336
7000.0,9,126,457.55555555555554,57507.0,0.06572228571428572,0.065888
7500.0,9,135,447.0,61530.0,0.065632,0.064368
8000.0,8,143,389.25,64644.0,0.06464400000000001,0.049824
8500.0,8,151,358.875,67515.0,0.06354352941176471,0.045936
9000.0,10,161,421.3,71728.0,0.06375822222222223,0.067408
9500.0,9,170,513.3333333333334,76348.0,0.06429305263157895,0.07392
10000.0,9,179,689.5555555555555,82554.0,0.0660432,0.099296
10500.0,10,189,421.0,86764.0,0.06610590476190477,0.06736
11000.0,11,200,547.1818181818181,92783.0,0.06747854545454546,0.09630399999999999
11500.0,10,210,399.9,96782.0,0.06732660869565217,0.063984
12000.0,7,217,537.5714285714286,100545.0,0.06703,0.060208
12500.0,8,225,428.25,103971.0,0.06654144,0.054816
13000.0,8,233,448.125,107556.0,0.06618830769230769,0.05736
13500.0,8,241,417.125,110893.0,0.06571437037037038,0.053392
14000.0,6,247,596.8333333333334,114474.0,0.06541371428571428,0.057296
14500.0,10,257,496.5,119439.0,0.06589737931034483,0.07944
15000.0,8,265,524.25,123633.0,0.0659376,0.067104
15500.0,9,274,545.1111111111111,128539.0,0.06634270967741934,0.078496
16000.0,8,282,579.25,133173.0,0.0665865,0.074144
16500.0,11,293,418.27272727272725,137774.0,0.06679951515151515,0.073616
17000.0,8,301,450.25,141376.0,0.06652988235294117,0.057632
17500.0,7,308,522.2857142857143,145032.0,0.06630034285714285,0.058496000000000006
18000.0,11,319,470.3636363636364,150206.0,0.06675822222222222,0.082784
18500.0,9,328,361.55555555555554,153460.0,0.06636108108108107,0.052064
19000.0,9,337,503.8888888888889,157995.0,0.06652421052631578,0.07256
19500.0,6,343,616.5,161694.0,0.066336,0.059184
20000.0,9,352,566.0,166788.0,0.0667152,0.081504
20500.0,8,360,580.25,171430.0,0.06689951219512197,0.074272
21000.0,8,368,564.5,175946.0,0.06702704761904762,0.072256
21500.0,8,376,610.125,180827.0,0.06728446511627907,0.078096
22000.0,8,384,575.125,185428.0,0.06742836363636365,0.073616
22500.0,10,394,515.3,190581.0,0.06776213333333334,0.082448
23000.0,8,402,409.625,193858.0,0.06742886956521739,0.052432
23500.0,9,411,335.8888888888889,196881.0,0.06702331914893617,0.048368
24000.0,9,420,383.22222222222223,200330.0,0.06677666666666666,0.055184
24500.0,11,431,473.27272727272725,205536.0,0.06711379591836734,0.083296
25000.0,12,443,430.6666666666667,210704.0,0.06742528,0.082688
25500.0,8,451,746.0,216672.0,0.06797552941176471,0.095488
26000.0,8,459,683.5,222140.0,0.06835076923076923,0.087488
26500.0,10,469,633.4,228474.0,0.06897328301886793,0.101344
27000.0,11,480,393.27272727272725,232800.0,0.06897777777777778,0.069216
27500.0,8,488,465.875,236527.0,0.06880785454545456,0.059632
28000.0,7,495,326.42857142857144,238812.0,0.068232,0.03656
28500.0,11,506,445.3636363636364,243711.0,0.0684101052631579,0.078384
29000.0,9,515,511.77777777777777,248317.0,0.06850124137931035,0.073696
29500.0,12,527,547.9166666666666,254892.0,0.06912325423728814,0.1052
30000.0,5,532,579.8,257791.0,0.06874426666666666,0.046384
30500.0,11,543,394.6363636363636,262132.0,0.0687559344262295,0.069456
31000.0,10,553,542.2,267554.0,0.06904619354838709,0.086752
31500.0,10,563,455.4,272108.0,0.06910679365079365,0.072864
32000.0,9,572,332.0,275096.0,0.068774,0.047808
32500.0,9,581,490.8888888888889,279514.0,0.06880344615384615,0.070688
33000.0,10,591,456.9,284083.0,0.06886860606060605,0.073104
33500.0,8,599,509.625,288160.0,0.06881432835820896,0.065232
34000.0,7,606,651.5714285714286,292721.0,0.0688755294117647,0.072976
34500.0,9,615,370.3333333333333,296054.0,0.06865020289855074,0.053328
35000.0,10,625,539.9,301453.0,0.06890354285714285,0.086384
35500.0,9,634,326.6666666666667,304393.0,0.06859560563380282,0.04704
36000.0,10,644,612.1,310514.0,0.06900311111111111,0.097936
36500.0,11,655,603.4545454545455,317152.0,0.06951276712328767,0.106208
37000.0,9,664,503.6666666666667,321685.0,0.0695535135135135,0.072528
37500.0,8,672,455.5,325329.0,0.06940352000000001,0.058304
38000.0,10,682,594.6,331275.0,0.0697421052631579,0.095136
38500.0,9,691,475.44444444444446,335554.0,0.06972550649350649,0.068464
39000.0,8,699,545.125,339915.0,0.06972615384615384,0.069776
39500.0,10,709,519.4,345109.0,0.06989549367088607,0.083104
40000.0,9,718,481.77777777777777,349445.0,0.069889,0.069376
40500.0,12,730,516.1666666666666,355639.0,0.07024967901234568,0.099104
