time[ms],#packets last interval,#packets overall,overall avrg. packetsize [byte],overall sum packetsize [byte],overall offer [Mb/s],offer last interval [Mb/s]
500.0,403,403,996.6178660049628,401637.0,Infinity,Infinity
1000.0,456,859,981.8092105263158,849342.0,13.589472,7.16328
1500.0,431,1290,968.5684454756381,1266795.0,10.13436,6.679248
2000.0,409,1699,999.8312958435208,1675726.0,8.937205333333335,6.542896
2500.0,431,2130,1023.5313225058005,2116868.0,8.467472,7.058272
3000.0,403,2533,959.8387096774194,2503683.0,8.011785600000001,6.18904
3500.0,438,2971,1034.1255707762557,2956630.0,7.884346666666666,7.247152
4000.0,401,3372,1032.4613466334165,3370647.0,7.704336,6.624272
4500.0,398,3770,1065.6708542713568,3794784.0,7.589568,6.786192
5000.0,476,4246,987.5903361344538,4264877.0,7.582003555555556,7.521488
5500.0,395,4641,1033.926582278481,4673278.0,7.477244800000001,6.534416
6000.0,430,5071,984.4953488372093,5096611.0,7.4132523636363645,6.773328
6500.0,375,5446,1008.3466666666667,5474741.0,7.299654666666666,6.05008
7000.0,434,5880,993.7718894009216,5906038.0,7.268969846153846,6.900752
7500.0,415,6295,1038.501204819277,6337016.0,7.242304,6.895648
8000.0,443,6738,1035.2821670428893,6795646.0,7.248689066666667,7.33808
8500.0,390,7128,1003.348717948718,7186952.0,7.186952,6.260896
9000.0,410,7538,971.9048780487805,7585433.0,7.13923105882353,6.375696
9500.0,428,7966,1001.1892523364486,8013942.0,7.123504,6.856144
10000.0,419,8385,996.071599045346,8431296.0,7.100038736842105,6.677664
10500.0,445,8830,968.6202247191011,8862332.0,7.0898655999999995,6.896576
11000.0,414,9244,1012.0942028985507,9281339.0,7.0714963809523805,6.704112
11500.0,374,9618,949.6149732620321,9636495.0,7.00836,5.682496
12000.0,410,10028,990.9560975609756,1.0042787E7,6.986286608695653,6.500672
12500.0,455,10483,979.7736263736264,1.0488584E7,6.992389333333334,7.132752
13000.0,440,10923,945.834090909091,1.0904751E7,6.979040640000001,6.658672
13500.0,411,11334,1045.094890510949,1.1334285E7,6.974944615384616,6.872544
14000.0,405,11739,1041.8641975308642,1.175624E7,6.966660740740741,6.75128
14500.0,373,12112,1018.7667560321715,1.213624E7,6.9349942857142866,6.08
15000.0,413,12525,996.3050847457627,1.2547714E7,6.9228766896551726,6.583584
15500.0,440,12965,1008.0318181818182,1.2991248E7,6.9286656,7.096544
16000.0,454,13419,1000.3237885462555,1.3445395E7,6.93955870967742,7.266352
16500.0,405,13824,1009.6913580246913,1.385432E7,6.92716,6.5428
17000.0,406,14230,1005.5098522167488,1.4262557E7,6.915179151515152,6.531792
17500.0,410,14640,963.4024390243902,1.4657552E7,6.897671529411765,6.31992
18000.0,391,15031,975.5549872122762,1.5038994E7,6.874968685714286,6.103072
18500.0,403,15434,963.0272952853599,1.5427094E7,6.856486222222222,6.2096
19000.0,383,15817,991.0966057441253,1.5806684E7,6.835322810810811,6.07344
19500.0,408,16225,1037.4264705882354,1.6229954E7,6.833664842105263,6.77232
20000.0,443,16668,1060.038374717833,1.6699551E7,6.851097846153846,7.513552
20500.0,408,17076,966.4460784313726,1.7093861E7,6.8375444,6.30896
21000.0,406,17482,1008.768472906404,1.7503421E7,6.830603317073171,6.55296
21500.0,411,17893,966.3114355231144,1.7900575E7,6.819266666666666,6.354464
22000.0,443,18336,981.5869074492099,1.8335418E7,6.822481116279071,6.957488
22500.0,439,18775,1024.5763097949887,1.8785207E7,6.8309843636363645,7.196624
23000.0,408,19183,983.9779411764706,1.918667E7,6.821927111111111,6.423408
23500.0,423,19606,939.869976359338,1.9584235E7,6.811907826086956,6.36104
24000.0,394,20000,997.489847715736,1.9977246E7,6.800764595744681,6.288176
24500.0,377,20377,1008.1989389920425,2.0357337E7,6.785779,6.081456
25000.0,428,20805,1017.8995327102804,2.0792998E7,6.789550367346939,6.970576
25500.0,389,21194,993.8071979434447,2.1179589E7,6.7774684800000005,6.185456
26000.0,426,21620,1013.3004694835681,2.1611255E7,6.78000156862745,6.906656
26500.0,414,22034,970.3309178743962,2.2012972E7,6.773222153846154,6.427472
27000.0,446,22480,1058.3811659192825,2.248501E7,6.7879275471698115,7.552608
27500.0,411,22891,977.654501216545,2.2886826E7,6.781281777777778,6.429056
28000.0,435,23326,985.1701149425287,2.3315375E7,6.7826545454545455,6.856784
28500.0,411,23737,1000.7347931873479,2.3726677E7,6.779050571428572,6.580832
29000.0,413,24150,961.1598062953996,2.4123636E7,6.771546947368421,6.351344
29500.0,420,24570,989.4904761904762,2.4539222E7,6.769440551724138,6.649376
30000.0,416,24986,961.2163461538462,2.4939088E7,6.763142508474576,6.397856
30500.0,411,25397,969.0875912408759,2.5337383E7,6.756635466666666,6.37272
31000.0,429,25826,970.8461538461538,2.5753876E7,6.755115016393443,6.663888
31500.0,398,26224,1004.7085427135678,2.615375E7,6.749354838709676,6.397984
32000.0,420,26644,1029.154761904762,2.6585995E7,6.751998730158729,6.91592
32500.0,419,27063,1015.1050119331742,2.7011324E7,6.752831,6.805264
33000.0,398,27461,1012.2236180904523,2.7414189E7,6.748108061538462,6.44584
33500.0,383,27844,991.9686684073107,2.7794113E7,6.737966787878788,6.078784
34000.0,414,28258,1012.3212560386473,2.8213214E7,6.737483940298507,6.705616
34500.0,451,28709,992.980044345898,2.8661048E7,6.743776,7.165344
35000.0,441,29150,1038.2380952380952,2.9118911E7,6.752211246376811,7.325808
35500.0,411,29561,974.7177615571776,2.951952E7,6.747318857142857,6.409744
36000.0,398,29959,984.3165829145729,2.9911278E7,6.740569690140846,6.268128
36500.0,408,30367,1004.3088235294117,3.0321036E7,6.738008,6.556128
37000.0,408,30775,1025.9313725490197,3.0739616E7,6.737450082191781,6.69728
37500.0,422,31197,1005.6611374407582,3.1164005E7,6.7381632432432434,6.790224
38000.0,414,31611,988.6545893719807,3.1573308E7,6.73563904,6.548848
38500.0,395,32006,1005.0455696202532,3.1970301E7,6.730589684210527,6.351888
39000.0,397,32403,1004.5617128463476,3.2369112E7,6.726049246753247,6.380976
39500.0,402,32805,1001.9029850746268,3.2771877E7,6.722436307692307,6.44424
40000.0,420,33225,1040.5928571428572,3.3208926E7,6.7258584303797475,6.992784
40500.0,405,33630,1002.0271604938272,3.3614747E7,6.7229494,6.493136
