%=============================================================================================================================
% Result "offer_SA4_DA1_AC2_ID_116_data_". Wed Oct 05 09:17:22 CEST 2022.
%-----------------------------------------------------------------------------------------------------------------------------
% (0) time[ms] | (1) #packets last interval | (2) #packets overall | (3) overall avrg. packetsize [byte] | (4) overall sum packetsize [byte] | (5) overall offer [Mb/s] | (6) offer last interval [Mb/s]
%=============================================================================================================================
result_offer_SA4_DA1_AC2_ID_116_data_ = [
0.0	0	0	NaN	0.0	NaN	NaN
500.0	139	139	959.841726618705	133418.0	2.134688	2.134688
1000.0	146	285	953.6643835616438	272653.0	2.181224	2.22776
1500.0	146	431	993.9520547945206	417770.0	2.2281066666666667	2.321872
2000.0	135	566	969.6888888888889	548678.0	2.194712	2.094528
2500.0	148	714	1093.5405405405406	710522.0	2.2736704	2.589504
3000.0	132	846	986.8560606060606	840787.0	2.242098666666667	2.08424
3500.0	141	987	1090.900709219858	994604.0	2.2733805714285715	2.461072
4000.0	133	1120	1041.1052631578948	1133071.0	2.266142	2.215472
4500.0	151	1271	987.2119205298013	1282140.0	2.27936	2.385104
5000.0	150	1421	981.7533333333333	1429403.0	2.2870448000000003	2.356208
5500.0	133	1554	1058.6992481203008	1570210.0	2.2839418181818183	2.252912
6000.0	158	1712	959.3987341772151	1721795.0	2.2957266666666665	2.42536
6500.0	129	1841	911.3798449612403	1839363.0	2.2638313846153846	1.881088
7000.0	147	1988	1016.2993197278912	1988759.0	2.2728674285714288	2.390336
7500.0	133	2121	1021.4887218045113	2124617.0	2.2662581333333334	2.173728
8000.0	131	2252	997.4198473282443	2255279.0	2.255279	2.090592
8500.0	151	2403	1095.7615894039734	2420739.0	2.278342588235294	2.6473599999999995
9000.0	142	2545	964.6056338028169	2557713.0	2.2735226666666666	2.191584
9500.0	144	2689	971.8680555555555	2697662.0	2.2717153684210527	2.239184
10000.0	131	2820	998.6335877862596	2828483.0	2.2627864	2.093136
10500.0	150	2970	962.6866666666666	2972886.0	2.265056	2.310448
11000.0	129	3099	990.7054263565891	3100687.0	2.255045090909091	2.044816
11500.0	124	3223	974.75	3221556.0	2.241082434782609	1.933904
12000.0	130	3353	986.4230769230769	3349791.0	2.233194	2.05176
12500.0	165	3518	1039.860606060606	3521368.0	2.2536755199999994	2.7452319999999997
13000.0	154	3672	948.2987012987013	3667406.0	2.256865230769231	2.336608
13500.0	121	3793	1072.7107438016528	3797204.0	2.250194962962963	2.076768
14000.0	143	3936	1008.5454545454545	3941426.0	2.2522434285714286	2.307552
14500.0	139	4075	971.589928057554	4076477.0	2.2490907586206896	2.160816
15000.0	142	4217	1014.9718309859155	4220603.0	2.2509882666666665	2.306016
15500.0	144	4361	1013.8819444444445	4366602.0	2.253730064516129	2.335984
16000.0	153	4514	1040.1307189542483	4525742.0	2.262871	2.54624
16500.0	121	4635	973.5619834710744	4643543.0	2.251414787878788	1.884816
17000.0	136	4771	1004.9852941176471	4780221.0	2.2495157647058823	2.186848
17500.0	143	4914	957.1048951048951	4917087.0	2.2478112	2.189856
18000.0	141	5055	986.4255319148937	5056173.0	2.247188	2.225376
18500.0	133	5188	919.1578947368421	5178421.0	2.239317189189189	1.955968
19000.0	118	5306	885.728813559322	5282937.0	2.2243945263157894	1.672256
19500.0	148	5454	1039.2364864864865	5436744.0	2.2304590769230765	2.460912
20000.0	146	5600	1021.9520547945206	5585949.0	2.2343796	2.38728
20500.0	142	5742	944.3661971830986	5720049.0	2.232214243902439	2.1456
21000.0	132	5874	1015.7575757575758	5854129.0	2.2301443809523804	2.14528
21500.0	147	6021	942.4013605442177	5992662.0	2.2298277209302326	2.216528
22000.0	148	6169	1018.2567567567568	6143364.0	2.2339505454545456	2.411232
22500.0	164	6333	988.75	6305519.0	2.2419623111111107	2.59448
23000.0	136	6469	938.7279411764706	6433186.0	2.2376299130434782	2.042672
23500.0	134	6603	963.7835820895523	6562333.0	2.2339857021276592	2.066352
24000.0	133	6736	1023.3157894736842	6698434.0	2.2328113333333337	2.177616
24500.0	113	6849	1006.8141592920354	6812204.0	2.2243931428571426	1.82032
25000.0	147	6996	1037.0408163265306	6964649.0	2.22868768	2.43912
25500.0	114	7110	1001.4912280701755	7078819.0	2.220805960784314	1.82672
26000.0	140	7250	940.2071428571429	7210448.0	2.2185993846153846	2.106064
26500.0	145	7395	936.1931034482759	7346196.0	2.2177195471698115	2.171968
27000.0	181	7576	1042.745856353591	7534933.0	2.2325727407407405	3.019792
27500.0	153	7729	1038.0065359477123	7693748.0	2.238181236363636	2.54104
28000.0	150	7879	1046.74	7850759.0	2.243074	2.512176
28500.0	148	8027	966.3851351351351	7993784.0	2.2438691929824564	2.2884
29000.0	112	8139	1022.7232142857143	8108329.0	2.2367804137931033	1.83272
29500.0	154	8293	982.7272727272727	8259669.0	2.2399102372881354	2.42144
30000.0	131	8424	961.5496183206106	8385632.0	2.2361685333333337	2.015408
30500.0	119	8543	988.3277310924369	8503243.0	2.230358819672131	1.881776
31000.0	148	8691	986.4932432432432	8649244.0	2.2320629677419355	2.336016
31500.0	126	8817	1024.579365079365	8778341.0	2.2294199365079366	2.065552
32000.0	136	8953	1094.0808823529412	8927136.0	2.231784	2.38072
32500.0	138	9091	1039.9782608695652	9070653.0	2.2327761230769227	2.296272
33000.0	133	9224	1030.9172932330828	9207765.0	2.2321854545454545	2.193792
33500.0	119	9343	948.4873949579832	9320635.0	2.2258232835820895	1.80592
34000.0	144	9487	1041.5069444444443	9470612.0	2.228379294117647	2.399632
34500.0	147	9634	973.6122448979592	9613733.0	2.229271420289855	2.289936
35000.0	149	9783	1043.248322147651	9769177.0	2.232954742857143	2.487104
35500.0	152	9935	997.875	9920854.0	2.235685408450704	2.426832
36000.0	131	10066	1004.0152671755725	1.005238E7	2.233862222222222	2.104416
36500.0	140	10206	1025.95	1.0196013E7	2.2347425753424663	2.298128
37000.0	133	10339	1032.4661654135339	1.0333331E7	2.2342337297297297	2.197088
37500.0	140	10479	1023.9857142857143	1.0476689E7	2.235026986666667	2.293728
38000.0	142	10621	1006.0211267605633	1.0619544E7	2.2356934736842105	2.28568
38500.0	142	10763	959.8028169014085	1.0755836E7	2.2349789090909087	2.180672
39000.0	127	10890	1018.2992125984252	1.088516E7	2.2328533333333334	2.069184
39500.0	121	11011	973.0743801652893	1.1002902E7	2.228435848101266	1.883872
40000.0	138	11149	1059.876811594203	1.1149165E7	2.229833	2.340208
40500.0	149	11298	1102.8120805369128	1.1313484E7	2.234762271604938	2.629104
]; % Wed Oct 05 09:17:45 CEST 2022
