time[ms],#packets last interval,#packets overall,overall avrg. packetsize [byte],overall sum packetsize [byte],overall offer [Mb/s],offer last interval [Mb/s]
0.0,0,0,NaN,0.0,NaN,NaN
500.0,123,123,952.1544715447154,117115.0,1.87384,1.87384
1000.0,158,281,975.0632911392405,271175.0,2.1694,2.46496
1500.0,131,412,967.1526717557252,397872.0,2.121984,2.027152
2000.0,144,556,987.5972222222222,540086.0,2.160344,2.275424
2500.0,136,692,928.375,666345.0,2.132304,2.020144
3000.0,134,826,983.6044776119403,798148.0,2.1283946666666664,2.108848
3500.0,144,970,972.8125,938233.0,2.1445325714285715,2.24136
4000.0,131,1101,1002.6030534351145,1069574.0,2.139148,2.101456
4500.0,118,1219,1131.7118644067796,1203116.0,2.138872888888889,2.136672
5000.0,170,1389,998.7235294117647,1372899.0,2.1966384,2.716528
5500.0,131,1520,1007.6183206106871,1504897.0,2.1889410909090907,2.111968
6000.0,140,1660,1021.3285714285714,1647883.0,2.1971773333333333,2.287776
6500.0,118,1778,1074.2288135593221,1774642.0,2.184174769230769,2.028144
7000.0,142,1920,987.8661971830986,1914919.0,2.188478857142857,2.244432
7500.0,137,2057,1038.978102189781,2057259.0,2.1944096,2.27744
8000.0,152,2209,1075.1644736842106,2220684.0,2.220684,2.6148000000000007
8500.0,119,2328,935.6638655462185,2332028.0,2.194849882352941,1.781504
9000.0,140,2468,970.3928571428571,2467883.0,2.1936737777777777,2.17368
9500.0,144,2612,1036.5902777777778,2617152.0,2.20391747368421,2.388304
10000.0,141,2753,1003.8794326241135,2758699.0,2.2069591999999996,2.264752
10500.0,160,2913,985.625,2916399.0,2.222018285714286,2.5232
11000.0,139,3052,1049.863309352518,3062330.0,2.2271490909090907,2.334896
11500.0,120,3172,932.5833333333334,3174240.0,2.208166956521739,1.79056
12000.0,132,3304,1030.530303030303,3310270.0,2.206846666666667,2.17648
12500.0,143,3447,971.5454545454545,3449201.0,2.2074886400000002,2.222896
13000.0,125,3572,888.872,3560310.0,2.19096,1.777744
13500.0,145,3717,1046.4827586206898,3712050.0,2.199733333333333,2.4278400000000007
14000.0,134,3851,1041.3283582089553,3851588.0,2.2009074285714285,2.232608
14500.0,115,3966,1026.4347826086957,3969628.0,2.1901395862068966,1.8886400000000003
15000.0,128,4094,946.96875,4090840.0,2.1817813333333334,1.939392
15500.0,160,4254,978.65,4247424.0,2.1922188387096777,2.505344
16000.0,160,4414,1021.05,4410792.0,2.205396,2.613888
16500.0,138,4552,1036.4202898550725,4553818.0,2.207911757575758,2.288416
17000.0,127,4679,1039.6771653543308,4685857.0,2.2051091764705886,2.112624
17500.0,117,4796,868.7435897435897,4787500.0,2.1885714285714286,1.626288
18000.0,132,4928,1012.7272727272727,4921180.0,2.187191111111111,2.13888
18500.0,126,5054,1041.936507936508,5052464.0,2.1848492972972973,2.100544
19000.0,141,5195,1036.5673758865248,5198620.0,2.1888926315789474,2.338496
19500.0,143,5338,1057.7622377622379,5349880.0,2.194822564102564,2.4201600000000005
20000.0,130,5468,1035.323076923077,5484472.0,2.1937887999999997,2.153472
20500.0,141,5609,956.1489361702128,5619289.0,2.1928932682926825,2.157072
21000.0,129,5738,913.2790697674419,5737102.0,2.1855626666666663,1.885008
21500.0,141,5879,954.1205673758865,5871633.0,2.1847936744186045,2.152496
22000.0,151,6030,970.384105960265,6018161.0,2.1884221818181815,2.344448
22500.0,135,6165,1061.6074074074074,6161478.0,2.1907477333333327,2.293072
23000.0,139,6304,1021.0503597122303,6303404.0,2.192488347826087,2.270816
23500.0,144,6448,861.7222222222222,6427492.0,2.1880823829787235,1.985408
24000.0,124,6572,1039.9274193548388,6556443.0,2.185481,2.063216
24500.0,131,6703,1058.3358778625955,6695085.0,2.1861502040816325,2.218272
25000.0,137,6840,961.8248175182482,6826855.0,2.1845936,2.10832
25500.0,127,6967,987.1653543307086,6952225.0,2.1810901960784315,2.00592
26000.0,144,7111,1072.888888888889,7106721.0,2.1866833846153844,2.471936
26500.0,120,7231,941.7916666666666,7219736.0,2.1795429433962266,1.80824
27000.0,126,7357,1068.2380952380952,7354334.0,2.1790619259259256,2.153568
27500.0,121,7478,949.900826446281,7469272.0,2.172879127272727,1.839008
28000.0,147,7625,963.8027210884354,7610951.0,2.1745574285714286,2.266864
28500.0,128,7753,974.234375,7735653.0,2.1714113684210528,1.995232
29000.0,154,7907,907.4480519480519,7875400.0,2.1725241379310343,2.235952
29500.0,138,8045,958.3478260869565,8007652.0,2.1715666440677963,2.116032
30000.0,140,8185,951.0714285714286,8140802.0,2.170880533333334,2.1304
30500.0,146,8331,948.027397260274,8279214.0,2.1715971147540984,2.214592
31000.0,149,8480,977.261744966443,8424826.0,2.174148645161291,2.329792
31500.0,149,8629,1007.751677852349,8574981.0,2.1777729523809524,2.40248
32000.0,135,8764,1017.8888888888889,8712396.0,2.178099,2.19864
32500.0,135,8899,1007.1555555555556,8848362.0,2.1780583384615384,2.175456
33000.0,134,9033,1006.4328358208955,8983224.0,2.177751272727273,2.157792
33500.0,132,9165,1069.689393939394,9124423.0,2.1789666865671644,2.259184
34000.0,131,9296,997.3587786259542,9255077.0,2.1776651764705885,2.090464
34500.0,144,9440,1034.7777777777778,9404085.0,2.180657391304348,2.384128
35000.0,147,9587,1008.0204081632653,9552264.0,2.183374628571429,2.370864
35500.0,127,9714,1017.5511811023622,9681493.0,2.181744901408451,2.067664
36000.0,123,9837,952.260162601626,9798621.0,2.1774713333333335,1.874048
36500.0,133,9970,1026.6315789473683,9935163.0,2.1775699726027393,2.184672
37000.0,144,10114,954.2708333333334,1.0072578E7,2.1778547027027026,2.19864
37500.0,136,10250,991.3235294117648,1.0207398E7,2.17757824,2.15712
38000.0,146,10396,1048.8082191780823,1.0360524E7,2.181162947368421,2.450016
38500.0,126,10522,1057.936507936508,1.0493824E7,2.1805348571428573,2.1328
39000.0,138,10660,972.3478260869565,1.0628008E7,2.180104205128205,2.146944
39500.0,142,10802,1004.8943661971831,1.0770703E7,2.1814082025316455,2.28312
40000.0,146,10948,1032.0342465753424,1.092138E7,2.184276,2.410832
40500.0,127,11075,843.9370078740158,1.102856E7,2.178480987654321,1.71488
