%=============================================================================================================================
% Result "thrp_SA2_DA1_AC2_ID_58_data__End". Wed Oct 05 09:17:22 CEST 2022.
%-----------------------------------------------------------------------------------------------------------------------------
% (0) time[ms] | (1) #packets last interval | (2) #packets overall | (3) overall avrg. packetsize [byte] | (4) overall sum packetsize [byte] | (5) overall thrp [Mb/s] | (6) thrp last interval [Mb/s]
%=============================================================================================================================
result_thrp_SA2_DA1_AC2_ID_58_data__End = [
0.0	0	0	NaN	0.0	NaN	NaN
500.0	94	94	1082.8936170212767	101792.0	1.628672	1.628672
1000.0	95	189	1009.7578947368421	197719.0	1.581752	1.534832
1500.0	97	286	964.9896907216495	291323.0	1.5537226666666666	1.497664
2000.0	115	401	1008.6869565217391	407322.0	1.629288	1.855984
2500.0	106	507	1057.0283018867924	519367.0	1.6619744	1.79272
3000.0	83	590	904.9638554216867	594479.0	1.5852773333333334	1.201792
3500.0	95	685	979.0	687484.0	1.571392	1.48808
4000.0	87	772	1098.0229885057472	783012.0	1.566024	1.528448
4500.0	100	872	1132.35	896247.0	1.593328	1.8117599999999998
5000.0	93	965	978.5376344086021	987251.0	1.5796016	1.456064
5500.0	101	1066	1050.2871287128712	1093330.0	1.5902981818181818	1.6972639999999997
6000.0	112	1178	981.7678571428571	1203288.0	1.604384	1.759328
6500.0	80	1258	1114.5	1292448.0	1.5907052307692306	1.42656
7000.0	102	1360	983.9607843137255	1392812.0	1.5917851428571428	1.605824
7500.0	92	1452	1049.8369565217392	1489397.0	1.5886901333333332	1.5453600000000003
8000.0	103	1555	965.1067961165048	1588803.0	1.588803	1.590496
8500.0	98	1653	993.7857142857143	1686194.0	1.587006117647059	1.558256
9000.0	91	1744	985.967032967033	1775917.0	1.5785928888888887	1.435568
9500.0	105	1849	983.3904761904762	1879173.0	1.5824614736842104	1.652096
10000.0	87	1936	1008.4137931034483	1966905.0	1.573524	1.403712
10500.0	85	2021	913.1176470588235	2044520.0	1.557729523809524	1.24184
11000.0	92	2113	987.945652173913	2135411.0	1.5530261818181819	1.454256
11500.0	106	2219	961.8396226415094	2237366.0	1.5564285217391303	1.63128
12000.0	82	2301	1007.2926829268292	2319964.0	1.5466426666666666	1.321568
12500.0	93	2394	967.3010752688172	2409923.0	1.54235072	1.439344
13000.0	123	2517	990.130081300813	2531709.0	1.5579747692307693	1.948576
13500.0	99	2616	1040.4040404040404	2634709.0	1.561309037037037	1.648
14000.0	95	2711	1070.7052631578947	2736426.0	1.563672	1.627472
14500.0	91	2802	995.5824175824176	2827024.0	1.5597373793103448	1.449568
15000.0	84	2886	1071.0595238095239	2916993.0	1.5557295999999998	1.439504
15500.0	99	2985	1058.2222222222222	3021757.0	1.5596165161290323	1.676224
16000.0	86	3071	920.5116279069767	3100921.0	1.5504605	1.266624
16500.0	101	3172	952.6336633663366	3197137.0	1.5501270303030303	1.539456
17000.0	82	3254	932.6951219512196	3273618.0	1.5405261176470588	1.223696
17500.0	107	3361	1093.8971962616822	3390665.0	1.5500182857142857	1.872752
18000.0	97	3458	980.7010309278351	3485793.0	1.5492413333333335	1.522048
18500.0	104	3562	922.7788461538462	3581762.0	1.5488700540540539	1.535504
19000.0	90	3652	1040.4666666666667	3675404.0	1.5475385263157897	1.498272
19500.0	104	3756	997.1153846153846	3779104.0	1.550401641025641	1.6592
20000.0	102	3858	1169.4117647058824	3898384.0	1.5593536	1.9084800000000002
20500.0	76	3934	1094.6315789473683	3981576.0	1.553785756097561	1.331072
21000.0	116	4050	1072.0	4105928.0	1.5641630476190476	1.989632
21500.0	92	4142	1066.0760869565217	4204007.0	1.5642816744186046	1.569264
22000.0	103	4245	933.5728155339806	4300165.0	1.5636963636363637	1.538528
22500.0	90	4335	1007.2666666666667	4390819.0	1.5611800888888887	1.450464
23000.0	95	4430	939.8421052631579	4480104.0	1.5582970434782608	1.42856
23500.0	107	4537	1020.9532710280374	4589346.0	1.5623305531914893	1.747872
24000.0	95	4632	952.1473684210526	4679800.0	1.5599333333333334	1.447264
24500.0	100	4732	987.52	4778552.0	1.5603435102040817	1.580032
25000.0	85	4817	1011.7058823529412	4864547.0	1.55665504	1.37592
25500.0	91	4908	1016.2087912087912	4957022.0	1.555144156862745	1.4796
26000.0	91	4999	1002.8131868131868	5048278.0	1.5533163076923078	1.460096
26500.0	108	5107	995.1296296296297	5155752.0	1.556453433962264	1.719584
27000.0	87	5194	1051.6206896551723	5247243.0	1.5547386666666667	1.4638559999999998
27500.0	86	5280	968.7441860465116	5330555.0	1.550706909090909	1.332992
28000.0	111	5391	890.3153153153153	5429380.0	1.5512514285714285	1.5812
28500.0	93	5484	1075.6774193548388	5529418.0	1.5521173333333333	1.600608
29000.0	102	5586	952.6470588235294	5626588.0	1.5521622068965517	1.55472
29500.0	98	5684	1007.4489795918367	5725318.0	1.5526286101694915	1.57968
30000.0	95	5779	914.978947368421	5812241.0	1.5499309333333333	1.390768
30500.0	104	5883	958.6730769230769	5911943.0	1.550673573770492	1.595232
31000.0	107	5990	928.1028037383178	6011250.0	1.5512903225806451	1.588912
31500.0	109	6099	995.7614678899082	6119788.0	1.5542318730158728	1.736608
32000.0	107	6206	986.1121495327103	6225302.0	1.5563255	1.688224
32500.0	98	6304	926.3979591836735	6316089.0	1.5547296	1.452592
33000.0	88	6392	1021.4318181818181	6405975.0	1.5529636363636365	1.438176
33500.0	92	6484	938.4891304347826	6492316.0	1.5504038208955224	1.381456
34000.0	104	6588	954.1057692307693	6591543.0	1.550951294117647	1.587632
34500.0	107	6695	959.8691588785047	6694249.0	1.5522896231884058	1.643296
35000.0	86	6781	1097.3255813953488	6788619.0	1.551684342857143	1.50992
35500.0	98	6879	865.8979591836735	6873477.0	1.5489525633802816	1.357728
36000.0	98	6977	1031.734693877551	6974587.0	1.5499082222222222	1.61776
36500.0	98	7075	875.0612244897959	7060343.0	1.5474724383561644	1.372096
37000.0	89	7164	1104.1011235955057	7158608.0	1.5478071351351352	1.57224
37500.0	97	7261	961.8969072164948	7251912.0	1.54707456	1.492864
38000.0	98	7359	904.1530612244898	7340519.0	1.5453724210526316	1.417712
38500.0	107	7466	996.588785046729	7447154.0	1.5474605714285716	1.70616
39000.0	96	7562	1055.2916666666667	7548462.0	1.5484024615384615	1.620928
39500.0	109	7671	1043.2844036697247	7662180.0	1.551833924050633	1.819488
40000.0	91	7762	1045.1648351648353	7757290.0	1.551458	1.5217600000000002
40500.0	94	7856	1068.6063829787233	7857739.0	1.552145975308642	1.607184
]; % Wed Oct 05 09:17:44 CEST 2022
