time[ms],#packets last interval,#packets overall,overall avrg. packetsize [byte],overall sum packetsize [byte],overall thrp [Mb/s],thrp last interval [Mb/s]
0.0,0,0,NaN,0.0,NaN,NaN
500.0,89,89,920.2471910112359,81902.0,1.310432,1.310432
1000.0,103,192,972.7669902912621,182097.0,1.456776,1.60312
1500.0,102,294,970.9411764705883,281133.0,1.499376,1.584576
2000.0,84,378,1052.654761904762,369556.0,1.478224,1.414768
2500.0,76,454,1087.0,452168.0,1.4469375999999998,1.321792
3000.0,106,560,1000.9056603773585,558264.0,1.488704,1.697536
3500.0,91,651,1036.934065934066,652625.0,1.4917142857142858,1.509776
4000.0,102,753,998.4705882352941,754469.0,1.508938,1.629504
4500.0,82,835,1058.4634146341464,841263.0,1.4955786666666668,1.388704
5000.0,92,927,1006.2826086956521,933841.0,1.4941456000000002,1.481248
5500.0,81,1008,1053.5432098765432,1019178.0,1.4824407272727274,1.365392
6000.0,67,1075,967.3731343283582,1083992.0,1.4453226666666668,1.037024
6500.0,100,1175,872.53,1171245.0,1.4415323076923077,1.396048
7000.0,106,1281,1034.4905660377358,1280901.0,1.4638868571428574,1.754496
7500.0,86,1367,1029.5,1369438.0,1.4607338666666667,1.416592
8000.0,104,1471,972.6442307692307,1470593.0,1.470593,1.61848
8500.0,95,1566,1037.7894736842106,1569183.0,1.476878117647059,1.5774400000000002
9000.0,98,1664,1047.6326530612246,1671851.0,1.4860897777777777,1.6426880000000001
9500.0,87,1751,1016.4022988505748,1760278.0,1.4823393684210526,1.414832
10000.0,103,1854,1022.0194174757281,1865546.0,1.4924368000000001,1.684288
10500.0,111,1965,974.8108108108108,1973750.0,1.5038095238095237,1.731264
11000.0,93,2058,1018.6666666666666,2068486.0,1.5043534545454547,1.515776
11500.0,101,2159,1028.1386138613861,2172328.0,1.5111846956521742,1.661472
12000.0,100,2259,975.94,2269922.0,1.5132813333333333,1.561504
12500.0,83,2342,1103.566265060241,2361518.0,1.51137152,1.465536
13000.0,74,2416,872.4054054054054,2426076.0,1.4929698461538463,1.032928
13500.0,92,2508,1023.5,2520238.0,1.4934743703703706,1.506592
14000.0,81,2589,1026.3086419753085,2603369.0,1.4876394285714287,1.3300959999999997
14500.0,84,2673,1012.952380952381,2688457.0,1.483286620689655,1.361408
15000.0,98,2771,1072.6632653061224,2793578.0,1.4899082666666665,1.681936
15500.0,90,2861,1042.5777777777778,2887410.0,1.490276129032258,1.501312
16000.0,93,2954,963.1612903225806,2976984.0,1.488492,1.433184
16500.0,98,3052,932.6020408163265,3068379.0,1.4876989090909092,1.46232
17000.0,97,3149,974.639175257732,3162919.0,1.4884324705882352,1.51264
17500.0,99,3248,956.3434343434343,3257597.0,1.4891872000000002,1.514848
18000.0,89,3337,953.2696629213483,3342438.0,1.485528,1.357456
18500.0,97,3434,942.9690721649484,3433906.0,1.4849323243243242,1.463488
19000.0,108,3542,902.2777777777778,3531352.0,1.4868850526315789,1.559136
19500.0,83,3625,970.7590361445783,3611925.0,1.4818153846153845,1.289168
20000.0,95,3720,1013.1684210526316,3708176.0,1.4832704,1.540016
20500.0,113,3833,931.8230088495575,3813472.0,1.4881841951219512,1.684736
21000.0,91,3924,985.054945054945,3903112.0,1.4868998095238097,1.43424
21500.0,93,4017,1045.1935483870968,4000315.0,1.4884893023255814,1.555248
22000.0,109,4126,1000.605504587156,4109381.0,1.4943203636363638,1.745056
22500.0,105,4231,999.3619047619047,4214314.0,1.4984227555555554,1.678928
23000.0,97,4328,1007.0927835051547,4312002.0,1.4998267826086955,1.563008
23500.0,103,4431,958.1359223300971,4410690.0,1.5015114893617023,1.579008
24000.0,96,4527,1032.125,4509774.0,1.503258,1.585344
24500.0,77,4604,1080.4805194805194,4592971.0,1.4997456326530614,1.331152
25000.0,101,4705,1094.8019801980197,4703546.0,1.50513472,1.7691999999999997
25500.0,108,4813,1043.0833333333333,4816199.0,1.5109643921568627,1.8024479999999998
26000.0,99,4912,922.3434343434343,4907511.0,1.5100033846153846,1.460992
26500.0,112,5024,963.2857142857143,5015399.0,1.514082716981132,1.726208
27000.0,113,5137,1006.70796460177,5129157.0,1.5197502222222223,1.820128
27500.0,100,5237,1045.4,5233697.0,1.5225300363636365,1.6726400000000001
28000.0,99,5336,1050.7474747474748,5337721.0,1.5250631428571426,1.6643840000000003
28500.0,92,5428,997.2173913043479,5429465.0,1.524060350877193,1.467904
29000.0,87,5515,1072.7241379310344,5522792.0,1.523528827586207,1.493232
29500.0,93,5608,1055.8709677419354,5620988.0,1.5243357288135593,1.5711359999999999
30000.0,104,5712,980.8846153846154,5723000.0,1.5261333333333336,1.632192
30500.0,85,5797,1050.2941176470588,5812275.0,1.5245311475409835,1.4284
31000.0,98,5895,981.234693877551,5908436.0,1.524757677419355,1.538576
31500.0,94,5989,1010.936170212766,6003464.0,1.5246892698412697,1.520448
32000.0,91,6080,1082.2967032967033,6101953.0,1.52548825,1.575824
32500.0,103,6183,1041.6407766990292,6209242.0,1.5284288,1.716624
33000.0,93,6276,1037.8387096774193,6305761.0,1.5286693333333332,1.5443039999999997
33500.0,100,6376,961.72,6401933.0,1.5288198208955224,1.538752
34000.0,99,6475,1036.4646464646464,6504543.0,1.530480705882353,1.64176
34500.0,94,6569,1025.7659574468084,6600965.0,1.5306585507246377,1.542752
35000.0,85,6654,1099.3882352941177,6694413.0,1.5301515428571428,1.4951680000000003
35500.0,90,6744,1069.7666666666667,6790692.0,1.5302967887323944,1.540464
36000.0,101,6845,991.7524752475248,6890859.0,1.531302,1.602672
36500.0,93,6938,1035.0430107526881,6987118.0,1.5314231232876712,1.540144
37000.0,83,7021,1092.144578313253,7077766.0,1.5303277837837839,1.450368
37500.0,107,7128,988.6915887850467,7183556.0,1.5324919466666669,1.69264
38000.0,99,7227,968.5151515151515,7279439.0,1.5325134736842105,1.534128
38500.0,105,7332,977.1238095238095,7382037.0,1.5339297662337663,1.641568
39000.0,91,7423,1005.6813186813187,7473554.0,1.533036717948718,1.464272
39500.0,92,7515,995.0652173913044,7565100.0,1.5321721518987343,1.464736
40000.0,89,7604,1066.4157303370787,7660011.0,1.5320022,1.518576
40500.0,89,7693,1103.9101123595506,7758259.0,1.5324956049382714,1.571968
