time[ms],#packets last interval,#packets overall,overall avrg. packetsize [byte],overall sum packetsize [byte],overall thrp [Mb/s],thrp last interval [Mb/s]
0.0,0,0,NaN,0.0,NaN,NaN
500.0,114,114,946.5,107901.0,1.726416,1.726416
1000.0,96,210,1029.2604166666667,206710.0,1.65368,1.580944
1500.0,108,318,959.574074074074,310344.0,1.655168,1.658144
2000.0,97,415,971.0103092783505,404532.0,1.618128,1.507008
2500.0,112,527,928.3928571428571,508512.0,1.6272384,1.66368
3000.0,119,646,969.3697478991596,623867.0,1.6636453333333334,1.84568
3500.0,111,757,1015.1081081081081,736544.0,1.683529142857143,1.802832
4000.0,104,861,977.5192307692307,838206.0,1.676412,1.626592
4500.0,93,954,1104.8064516129032,940953.0,1.6728053333333333,1.643952
5000.0,111,1065,1040.5585585585586,1056455.0,1.690328,1.848032
5500.0,109,1174,1008.2018348623853,1166349.0,1.6965076363636362,1.758304
6000.0,118,1292,1047.2203389830509,1289921.0,1.7198946666666666,1.977152
6500.0,113,1405,1074.7079646017698,1411363.0,1.737062153846154,1.9430719999999997
7000.0,86,1491,1041.7325581395348,1500952.0,1.7153737142857142,1.433424
7500.0,111,1602,1005.4234234234234,1612554.0,1.7200576,1.785632
8000.0,96,1698,1009.40625,1709457.0,1.709457,1.550448
8500.0,108,1806,960.7870370370371,1813222.0,1.7065618823529412,1.66024
9000.0,112,1918,925.5714285714286,1916886.0,1.7038986666666667,1.658624
9500.0,103,2021,1054.2621359223301,2025475.0,1.7056631578947368,1.737424
10000.0,100,2121,1081.78,2133653.0,1.7069223999999998,1.730848
10500.0,109,2230,1007.5229357798165,2243473.0,1.709312761904762,1.75712
11000.0,108,2338,1015.6203703703703,2353160.0,1.711389090909091,1.754992
11500.0,99,2437,914.3333333333334,2443679.0,1.6999506086956522,1.448304
12000.0,111,2548,1065.837837837838,2561987.0,1.7079913333333334,1.8929280000000002
12500.0,117,2665,988.7350427350427,2677669.0,1.71370816,1.850912
13000.0,119,2784,899.9915966386554,2784768.0,1.7137033846153849,1.713584
13500.0,97,2881,1056.680412371134,2887266.0,1.7109724444444443,1.639968
14000.0,111,2992,1054.6306306306305,3004330.0,1.71676,1.8730239999999998
14500.0,116,3108,1032.0172413793102,3124044.0,1.7236104827586207,1.9154239999999998
15000.0,113,3221,914.6725663716815,3227402.0,1.7212810666666667,1.653728
15500.0,101,3322,1004.6237623762377,3328869.0,1.718125935483871,1.623472
16000.0,125,3447,1030.504,3457682.0,1.728841,2.0610079999999997
16500.0,103,3550,1075.4660194174758,3568455.0,1.73016,1.772368
17000.0,125,3675,1017.912,3695694.0,1.7391501176470587,2.035824
17500.0,92,3767,907.7608695652174,3779208.0,1.727637942857143,1.336224
18000.0,118,3885,978.2881355932203,3894646.0,1.7309537777777777,1.847008
18500.0,105,3990,1023.6666666666666,4002131.0,1.7306512432432433,1.71976
19000.0,101,4091,1059.90099009901,4109181.0,1.7301814736842105,1.7128
19500.0,107,4198,1059.5327102803737,4222551.0,1.7323286153846156,1.8139199999999998
20000.0,86,4284,992.3372093023256,4307892.0,1.7231568000000002,1.365456
20500.0,114,4398,961.2982456140351,4417480.0,1.7238946341463417,1.753408
21000.0,91,4489,898.1758241758242,4499214.0,1.7139862857142856,1.307744
21500.0,113,4602,916.5398230088496,4602783.0,1.7126634418604652,1.657104
22000.0,93,4695,988.010752688172,4694668.0,1.707152,1.47016
22500.0,96,4791,1059.375,4796368.0,1.705375288888889,1.6272
23000.0,109,4900,1004.0917431192661,4905814.0,1.706370086956522,1.751136
23500.0,102,5002,846.3823529411765,4992145.0,1.6994536170212766,1.381296
24000.0,104,5106,1015.4134615384615,5097748.0,1.6992493333333334,1.689648
24500.0,108,5214,1075.5,5213902.0,1.702498612244898,1.858464
25000.0,107,5321,980.5514018691589,5318821.0,1.70202272,1.678704
25500.0,101,5422,901.1782178217821,5409840.0,1.697204705882353,1.456304
26000.0,108,5530,1069.388888888889,5525334.0,1.700102769230769,1.847904
26500.0,81,5611,973.320987654321,5604173.0,1.6918258113207547,1.261424
27000.0,90,5701,1075.8333333333333,5700998.0,1.6891845925925926,1.5492
27500.0,110,5811,1000.1818181818181,5811018.0,1.6904779636363636,1.76032
28000.0,101,5912,917.5742574257425,5903693.0,1.6867694285714285,1.4828
28500.0,109,6021,967.9633027522935,6009201.0,1.6867932631578946,1.688128
29000.0,116,6137,910.6465517241379,6114836.0,1.6868513103448275,1.69016
29500.0,106,6243,927.9528301886793,6213199.0,1.6849353220338983,1.573808
30000.0,113,6356,937.2654867256637,6319110.0,1.685096,1.694576
30500.0,110,6466,1008.5636363636364,6430052.0,1.6865710163934426,1.775072
31000.0,99,6565,969.030303030303,6525986.0,1.6841254193548385,1.534944
31500.0,94,6659,994.563829787234,6619475.0,1.681136507936508,1.495824
32000.0,90,6749,1050.8666666666666,6714053.0,1.67851325,1.5132479999999997
32500.0,99,6848,1017.1515151515151,6814751.0,1.6774771692307693,1.611168
33000.0,113,6961,978.2212389380531,6925290.0,1.6788581818181816,1.768624
33500.0,105,7066,1089.009523809524,7039636.0,1.681107104477612,1.8295360000000003
34000.0,96,7162,979.46875,7133665.0,1.6785094117647057,1.504464
34500.0,95,7257,1064.6947368421052,7234811.0,1.6776373333333332,1.6183359999999998
35000.0,106,7363,1066.122641509434,7347820.0,1.6795017142857143,1.8081440000000002
35500.0,115,7478,1006.3130434782609,7463546.0,1.6819258591549295,1.851616
36000.0,98,7576,964.969387755102,7558113.0,1.6795806666666668,1.513072
36500.0,110,7686,1075.0272727272727,7676366.0,1.6824911780821916,1.892048
37000.0,117,7803,945.5897435897435,7787000.0,1.6836756756756754,1.770144
37500.0,96,7899,1019.3645833333334,7884859.0,1.6821032533333333,1.565744
38000.0,110,8009,1029.6272727272728,7998118.0,1.6838143157894736,1.8121440000000002
38500.0,84,8093,1060.1666666666667,8087172.0,1.6804513246753245,1.424864
39000.0,104,8197,1015.4134615384615,8192775.0,1.6805692307692308,1.689648
39500.0,94,8291,986.6914893617021,8285524.0,1.678080810126582,1.483984
40000.0,109,8400,1027.5963302752293,8397532.0,1.6795064,1.792128
40500.0,115,8515,852.8347826086956,8495608.0,1.6781447901234565,1.569216
