%=============================================================================================================================
% Result "total_delay". Wed Oct 05 09:17:21 CEST 2022.
%-----------------------------------------------------------------------------------------------------------------------------
% (0) time[ms] | (1) #packets last interval  | (2) #packets overall | (3) avrg last interval [ms] | (4) max last interval [ms] | (5) avrg overall [ms] | (6) overall max overall [ms] | (7) BinWidth[ms] | (8) Histogram
%=============================================================================================================================
result_total_delay = [
0.0	0	0	NaN	0.0	NaN	NaN	1.0	0 0 0 0 0 0 0 0 0 0 0 0 0 0 0 0 0 0 0 0 0 0 0 0 0 0 0 0 0 0 0 0 0 0 0 0 0 0 0 0 0 0 0 0 0 0 0 0 0 0 0 0 0 0 0 0 0 0 0 0 0 0 0 0 0 0 0 0 0 0 0 0 0 0 0 0 0 0 0 0 0 0 0 0 0 0 0 0 0 0 0 0 0 0 0 0 0 0 0 0 
500.0	297	297	38.57565319865319	115.93700000000001	38.57565319865319	115.93700000000001	1.0	3 2 4 0 4 8 0 5 6 6 1 2 2 7 4 2 3 3 1 3 4 3 1 4 6 3 2 2 5 6 7 6 6 7 3 7 7 7 6 11 3 9 5 5 6 2 7 8 4 4 7 6 4 2 3 1 1 1 3 1 1 0 2 2 2 3 3 3 4 2 2 1 2 2 2 1 0 0 0 0 0 0 0 0 0 0 0 1 2 0 0 0 0 0 1 1 0 0 0 9 
1000.0	294	591	43.69027891156463	112.62699999999995	41.119984771573606	114.29040101522841	1.0	3 2 4 1 5 8 1 6 6 8 1 3 5 12 7 3 10 8 4 8 6 5 6 7 10 5 5 7 11 12 12 10 7 12 9 10 12 14 15 18 9 20 17 16 14 9 16 13 6 10 10 10 8 4 7 1 3 5 6 2 5 7 3 3 7 8 7 6 4 3 3 3 4 4 3 6 0 1 0 1 0 0 1 1 0 1 0 2 2 0 1 0 1 1 1 2 0 0 0 16 
1500.0	307	898	41.08096091205208	111.95499999999993	41.10664365256123	113.49199554565699	1.0	3 3 5 2 5 9 6 6 9 13 4 7 8 17 7 9 14 11 7 9 12 8 10 11 13 12 10 13 13 18 20 18 15 14 17 19 22 23 23 26 12 26 21 25 16 10 22 18 7 17 12 18 13 8 10 2 5 7 9 7 8 7 7 4 8 9 9 9 8 7 4 5 5 5 4 9 1 3 0 2 2 1 2 2 1 2 1 4 2 0 1 0 2 1 1 4 0 1 1 20 
2000.0	296	1194	43.32033783783783	109.15100000000007	41.65543216080401	112.41583584589615	1.0	3 3 6 4 7 10 7 14 11 16 7 10 10 21 13 11 17 13 9 9 13 10 11 14 18 17 11 16 20 27 26 22 21 17 22 24 27 28 25 29 19 31 24 34 21 16 25 24 15 22 18 27 21 15 12 9 13 12 11 10 10 8 9 8 10 12 11 10 8 10 6 8 8 6 5 12 1 3 2 2 3 1 4 2 2 3 1 5 5 0 1 2 2 2 2 4 0 3 2 23 
2500.0	294	1488	48.77145578231293	129.3130000000001	43.06142069892472	115.75438844086024	1.0	3 3 6 4 7 10 7 14 11 16 7 10 10 21 13 12 17 13 11 9 17 13 11 16 20 21 15 24 20 32 35 26 30 24 36 28 31 32 29 33 28 34 31 38 29 28 36 28 23 28 26 35 30 23 16 17 18 18 17 15 17 14 11 11 13 15 16 12 8 14 7 10 9 6 6 12 1 3 4 3 4 1 4 2 2 4 1 5 5 0 1 2 2 2 2 4 0 3 2 35 
3000.0	308	1796	41.05128246753244	117.76400000000012	42.71669766146992	116.0990211581292	1.0	3 3 7 7 9 12 7 18 15 19 10 13 14 25 18 13 18 17 14 12 19 14 15 20 22 23 17 28 22 35 36 30 41 29 38 38 38 39 42 43 38 40 43 45 33 32 46 32 28 40 32 39 34 26 18 25 20 23 20 20 22 17 14 14 15 16 19 15 12 16 9 10 11 7 6 14 3 3 4 3 5 1 4 2 4 5 3 5 5 0 1 2 2 2 3 4 0 3 2 36 
3500.0	297	2093	44.8428855218855	117.94100000000026	43.01840707118967	116.36040086000962	1.0	3 3 7 7 9 12 7 18 16 19 12 13 18 26 20 15 20 21 16 13 23 19 19 27 28 32 23 31 24 40 41 37 46 33 46 47 52 45 51 47 41 51 52 54 40 35 50 36 30 42 34 42 37 29 21 29 24 28 21 26 25 25 16 20 20 19 21 18 13 20 10 14 11 11 6 15 3 4 4 5 5 1 4 3 6 6 3 5 5 0 1 2 3 2 5 4 1 3 2 44 
4000.0	293	2386	46.3272116040956	113.8420000000001	43.42472715842413	116.05114207879302	1.0	3 3 7 7 9 12 7 18 16 20 13 14 19 26 22 16 20 22 17 16 27 25 24 29 32 34 27 34 29 43 44 44 52 41 53 54 56 49 58 51 45 56 57 61 48 40 58 41 35 46 43 53 42 36 25 37 33 34 23 31 32 34 19 30 25 21 23 23 14 23 10 16 14 14 8 16 3 4 5 5 6 1 4 3 6 6 3 5 6 0 2 2 3 3 5 4 1 3 2 45 
4500.0	275	2661	49.621014545454564	139.01299999999992	44.065080045095826	118.42412626832022	1.0	3 3 9 7 9 12 7 18 17 23 14 14 19 29 23 16 21 23 20 16 30 25 26 34 37 34 32 34 30 45 45 49 59 45 56 59 60 57 65 59 61 60 63 70 58 47 65 49 40 55 46 57 45 40 28 38 36 39 29 34 35 37 20 35 29 24 24 24 15 25 11 20 17 16 9 17 5 5 10 6 6 2 6 7 6 8 4 5 6 0 2 2 3 3 6 4 1 3 2 57 
5000.0	296	2957	44.69745608108113	106.57200000000012	44.128381805884345	117.23771119377751	1.0	3 3 9 8 9 12 9 21 18 24 18 16 22 31 25 19 25 24 22 18 32 26 28 35 41 36 36 43 35 50 53 56 66 57 64 64 69 64 70 67 64 65 69 78 63 47 67 51 43 60 52 62 50 43 34 43 37 41 32 38 41 39 23 37 30 26 27 29 19 29 13 26 20 19 13 20 5 8 15 8 7 2 7 7 6 8 4 5 6 0 4 2 4 3 6 5 2 4 3 58 
5500.0	291	3248	46.07660137457044	145.09400000000005	44.302929802955674	119.73345628078822	1.0	3 4 10 12 10 13 14 22 20 24 18 18 23 31 25 19 25 24 27 20 34 27 28 39 47 40 42 55 40 53 60 59 69 60 73 75 73 71 79 76 68 71 77 80 67 55 76 57 50 64 58 66 56 49 35 51 40 44 39 42 44 40 25 40 33 28 28 29 22 30 14 27 21 19 13 22 6 8 18 8 10 4 9 7 6 9 6 6 6 0 4 2 4 3 6 5 2 5 3 69 
6000.0	297	3545	46.19515151515152	119.28099999999995	44.46146008462624	119.695549506347	1.0	3 4 10 12 10 14 14 24 20 25 18 18 24 31 26 19 28 25 28 22 36 29 36 45 52 43 48 59 48 59 66 61 78 66 79 84 80 75 89 83 83 75 84 88 75 66 87 67 55 71 60 72 61 51 35 52 42 44 40 43 45 41 27 40 35 30 28 31 26 30 17 30 24 20 14 22 8 10 23 9 11 6 11 8 8 10 8 7 6 2 5 3 4 4 6 7 2 5 3 77 
6500.0	293	3838	43.12454607508533	104.18299999999999	44.35939760291819	118.51129286086507	1.0	3 4 10 12 10 14 15 24 21 27 19 19 25 31 27 19 28 25 28 23 41 32 38 51 58 51 52 70 63 72 67 65 85 69 83 87 85 88 96 92 89 86 85 97 81 78 96 72 58 76 63 79 64 52 40 56 46 53 42 46 48 45 27 44 36 34 32 33 28 31 18 31 26 20 16 26 10 13 24 10 11 7 11 9 10 10 8 7 6 2 5 3 4 4 6 7 2 5 3 78 
7000.0	294	4132	45.4865170068027	85.8760000000002	44.43959438528558	116.18922700871254	1.0	3 4 10 13 12 14 16 29 21 28 21 20 28 32 29 21 35 26 36 25 42 35 41 54 58 53 55 74 64 73 73 69 89 71 88 90 88 93 101 96 93 93 95 107 88 84 99 79 63 81 67 90 69 61 44 63 51 60 45 48 59 48 32 49 41 38 34 36 32 32 18 36 29 25 17 32 13 15 24 10 11 8 12 9 10 12 8 7 6 2 5 3 4 4 6 7 2 5 3 78 
7500.0	289	4421	48.363532871972346	108.98800000000028	44.69610156073287	115.71848405338164	1.0	3 4 10 13 12 14 16 29 21 28 21 22 29 34 30 22 37 31 38 26 44 38 42 56 59 56 56 77 65 74 77 78 94 73 90 91 92 96 110 103 105 104 107 114 96 88 110 84 74 86 72 99 78 73 52 65 62 62 49 51 64 51 36 51 43 38 39 38 35 34 18 38 29 25 17 33 17 17 24 12 11 9 13 10 11 13 9 7 6 3 8 6 4 4 7 7 2 6 3 81 
8000.0	303	4724	43.10864686468651	109.00500000000011	44.594281329381886	115.2878774343777	1.0	3 4 13 15 12 16 17 31 22 28 24 23 30 38 31 24 38 34 41 33 48 44 44 60 65 61 63 82 67 79 85 83 101 81 94 103 97 107 119 109 110 109 111 125 98 97 118 86 77 89 74 101 78 75 54 68 69 65 53 54 68 57 39 54 45 40 45 40 37 36 20 39 31 27 18 34 18 17 24 12 11 9 15 12 11 14 14 9 7 3 8 6 4 6 7 8 2 6 5 86 
8500.0	301	5025	37.582710963455135	94.98300000000017	44.174284776119414	114.07160517412942	1.0	4 5 14 17 19 17 19 32 23 29 27 30 33 42 34 30 43 38 45 34 50 44 47 63 69 65 66 85 72 88 93 89 111 90 103 109 104 114 125 118 118 112 118 129 103 102 122 94 84 95 78 107 83 77 57 73 74 68 56 58 69 59 42 57 50 43 47 42 39 39 20 39 33 28 18 34 19 18 25 12 11 9 15 12 11 14 14 9 7 3 8 6 4 6 8 8 2 6 5 86 
9000.0	301	5326	45.77813953488371	85.21700000000055	44.264926962072856	112.44088114908008	1.0	4 5 14 17 19 17 19 32 23 29 27 32 33 42 39 32 47 40 46 38 55 47 47 63 73 67 66 92 76 93 97 97 116 95 107 114 110 124 132 126 131 115 123 131 108 108 123 103 90 107 88 115 87 89 67 76 82 71 63 63 75 62 49 60 55 50 50 45 40 40 22 42 34 28 19 35 20 18 28 15 12 10 15 12 11 15 14 9 7 3 8 6 4 6 8 8 2 6 5 86 
9500.0	295	5621	47.02233898305084	98.10299999999916	44.409640811243555	111.68840384273265	1.0	4 5 15 17 19 17 20 32 23 31 27 34 34 44 41 32 50 42 47 39 56 50 48 68 76 71 69 95 79 97 100 100 124 101 113 115 115 131 139 131 138 128 131 136 119 114 131 112 97 114 93 120 90 93 73 80 88 73 65 70 79 71 56 64 60 51 53 48 40 44 25 44 36 29 22 36 24 18 31 16 12 13 15 13 13 15 15 9 7 3 8 7 5 6 8 8 3 6 6 86 
