time[ms],#packets last interval,#packets overall,overall avrg. packetsize [byte],overall sum packetsize [byte],overall offer [Mb/s],offer last interval [Mb/s]
0.0,0,0,NaN,0.0,NaN,NaN
500.0,403,403,996.6178660049628,401637.0,6.426192,6.426192
1000.0,456,859,981.8092105263158,849342.0,6.794736,7.16328
1500.0,431,1290,968.5684454756381,1266795.0,6.75624,6.679248
2000.0,409,1699,999.8312958435208,1675726.0,6.702904,6.542896
2500.0,431,2130,1023.5313225058005,2116868.0,6.7739776,7.058272
3000.0,403,2533,959.8387096774194,2503683.0,6.676488,6.18904
3500.0,438,2971,1034.1255707762557,2956630.0,6.758011428571429,7.247152
4000.0,401,3372,1032.4613466334165,3370647.0,6.741294,6.624272
4500.0,398,3770,1065.6708542713568,3794784.0,6.746282666666667,6.786192
5000.0,476,4246,987.5903361344538,4264877.0,6.8238032,7.521488
5500.0,395,4641,1033.926582278481,4673278.0,6.797495272727273,6.534416
6000.0,430,5071,984.4953488372093,5096611.0,6.795481333333333,6.773328
6500.0,375,5446,1008.3466666666667,5474741.0,6.738142769230769,6.05008
7000.0,434,5880,993.7718894009216,5906038.0,6.749757714285715,6.900752
7500.0,415,6295,1038.501204819277,6337016.0,6.759483733333333,6.895648
8000.0,443,6738,1035.2821670428893,6795646.0,6.795646,7.33808
8500.0,390,7128,1003.348717948718,7186952.0,6.764190117647059,6.260896
9000.0,410,7538,971.9048780487805,7585433.0,6.742607111111111,6.375696
9500.0,428,7966,1001.1892523364486,8013942.0,6.748582736842105,6.856144
10000.0,419,8385,996.071599045346,8431296.0,6.745036799999999,6.677664
10500.0,445,8830,968.6202247191011,8862332.0,6.752252952380952,6.896576
11000.0,414,9244,1012.0942028985507,9281339.0,6.750064727272727,6.704112
11500.0,374,9618,949.6149732620321,9636495.0,6.7036486956521735,5.682496
12000.0,410,10028,990.9560975609756,1.0042787E7,6.695191333333333,6.500672
12500.0,455,10483,979.7736263736264,1.0488584E7,6.71269376,7.132752
13000.0,440,10923,945.834090909091,1.0904751E7,6.710616,6.658672
13500.0,411,11334,1045.094890510949,1.1334285E7,6.716613333333334,6.872544
14000.0,405,11739,1041.8641975308642,1.175624E7,6.717851428571429,6.75128
14500.0,373,12112,1018.7667560321715,1.213624E7,6.6958565517241375,6.08
15000.0,413,12525,996.3050847457627,1.2547714E7,6.692114133333334,6.583584
15500.0,440,12965,1008.0318181818182,1.2991248E7,6.705160258064516,7.096544
16000.0,454,13419,1000.3237885462555,1.3445395E7,6.7226975,7.266352
16500.0,405,13824,1009.6913580246913,1.385432E7,6.717246060606061,6.5428
17000.0,406,14230,1005.5098522167488,1.4262557E7,6.711791529411765,6.531792
17500.0,410,14640,963.4024390243902,1.4657552E7,6.7005952,6.31992
18000.0,391,15031,975.5549872122762,1.5038994E7,6.683997333333334,6.103072
18500.0,403,15434,963.0272952853599,1.5427094E7,6.671175783783784,6.2096
19000.0,383,15817,991.0966057441253,1.5806684E7,6.655445894736842,6.07344
19500.0,408,16225,1037.4264705882354,1.6229954E7,6.658442666666667,6.77232
20000.0,443,16668,1060.038374717833,1.6699551E7,6.6798204,7.513552
20500.0,408,17076,966.4460784313726,1.7093861E7,6.6707750243902435,6.30896
21000.0,406,17482,1008.768472906404,1.7503421E7,6.667969904761905,6.55296
21500.0,411,17893,966.3114355231144,1.7900575E7,6.660679069767442,6.354464
22000.0,443,18336,981.5869074492099,1.8335418E7,6.667424727272728,6.957488
22500.0,439,18775,1024.5763097949887,1.8785207E7,6.679184711111111,7.196624
23000.0,408,19183,983.9779411764706,1.918667E7,6.673624347826087,6.423408
23500.0,423,19606,939.869976359338,1.9584235E7,6.666973617021276,6.36104
24000.0,394,20000,997.489847715736,1.9977246E7,6.659082,6.288176
24500.0,377,20377,1008.1989389920425,2.0357337E7,6.6472937142857145,6.081456
25000.0,428,20805,1017.8995327102804,2.0792998E7,6.6537593600000005,6.970576
25500.0,389,21194,993.8071979434447,2.1179589E7,6.644576941176471,6.185456
26000.0,426,21620,1013.3004694835681,2.1611255E7,6.649616923076923,6.906656
26500.0,414,22034,970.3309178743962,2.2012972E7,6.645425509433962,6.427472
27000.0,446,22480,1058.3811659192825,2.248501E7,6.662225185185186,7.552608
27500.0,411,22891,977.654501216545,2.2886826E7,6.657985745454545,6.429056
28000.0,435,23326,985.1701149425287,2.3315375E7,6.661535714285715,6.856784
28500.0,411,23737,1000.7347931873479,2.3726677E7,6.6601198596491225,6.580832
29000.0,413,24150,961.1598062953996,2.4123636E7,6.654796137931035,6.351344
29500.0,420,24570,989.4904761904762,2.4539222E7,6.65470427118644,6.649376
30000.0,416,24986,961.2163461538462,2.4939088E7,6.650423466666667,6.397856
30500.0,411,25397,969.0875912408759,2.5337383E7,6.645870950819672,6.37272
31000.0,429,25826,970.8461538461538,2.5753876E7,6.646161548387096,6.663888
31500.0,398,26224,1004.7085427135678,2.615375E7,6.642222222222223,6.397984
32000.0,420,26644,1029.154761904762,2.6585995E7,6.64649875,6.91592
32500.0,419,27063,1015.1050119331742,2.7011324E7,6.6489412923076925,6.805264
33000.0,398,27461,1012.2236180904523,2.7414189E7,6.645864,6.44584
33500.0,383,27844,991.9686684073107,2.7794113E7,6.637400119402985,6.078784
34000.0,414,28258,1012.3212560386473,2.8213214E7,6.638403294117647,6.705616
34500.0,451,28709,992.980044345898,2.8661048E7,6.6460401159420295,7.165344
35000.0,441,29150,1038.2380952380952,2.9118911E7,6.655751085714286,7.325808
35500.0,411,29561,974.7177615571776,2.951952E7,6.652286197183098,6.409744
36000.0,398,29959,984.3165829145729,2.9911278E7,6.646950666666667,6.268128
36500.0,408,30367,1004.3088235294117,3.0321036E7,6.645706520547945,6.556128
37000.0,408,30775,1025.9313725490197,3.0739616E7,6.646403459459459,6.69728
37500.0,422,31197,1005.6611374407582,3.1164005E7,6.648321066666666,6.790224
38000.0,414,31611,988.6545893719807,3.1573308E7,6.647012210526316,6.548848
38500.0,395,32006,1005.0455696202532,3.1970301E7,6.643179428571428,6.351888
39000.0,397,32403,1004.5617128463476,3.2369112E7,6.639817846153846,6.380976
39500.0,402,32805,1001.9029850746268,3.2771877E7,6.6373421772151895,6.44424
40000.0,420,33225,1040.5928571428572,3.3208926E7,6.6417852,6.992784
40500.0,405,33630,1002.0271604938272,3.3614747E7,6.639950024691357,6.493136
