%=============================================================================================================================
% Result "total_thrp". Wed Oct 05 09:17:21 CEST 2022.
%-----------------------------------------------------------------------------------------------------------------------------
% (0) time[ms] | (1) #packets last interval | (2) #packets overall | (3) overall avrg. packetsize [byte] | (4) overall sum packetsize [byte] | (5) overall thrp [Mb/s] | (6) thrp last interval [Mb/s]
%=============================================================================================================================
result_total_thrp = [
0.0	0	0	NaN	0.0	NaN	NaN
500.0	297	297	981.8013468013468	291595.0	4.66552	4.66552
1000.0	294	591	1003.1666666666666	586526.0	4.692208	4.718896
1500.0	307	898	965.0618892508144	882800.0	4.708266666666666	4.740384
2000.0	296	1194	1008.8175675675676	1181410.0	4.72564	4.77776
2500.0	294	1488	1015.7721088435375	1480047.0	4.7361504000000005	4.778192
3000.0	308	1796	962.8668831168832	1776610.0	4.737626666666667	4.745008
3500.0	297	2093	1010.2457912457912	2076653.0	4.746635428571429	4.800688
4000.0	293	2386	1020.5938566552901	2375687.0	4.751374	4.784544
4500.0	275	2661	1101.0036363636364	2678463.0	4.761712	4.844416
5000.0	296	2957	1010.418918918919	2977547.0	4.764075200000001	4.785344
5500.0	291	3248	1035.429553264605	3278857.0	4.7692465454545445	4.820960000000001
6000.0	297	3545	1004.5252525252525	3577201.0	4.769601333333333	4.773504
6500.0	293	3838	1016.5699658703072	3875056.0	4.769299692307693	4.76568
7000.0	294	4132	1019.078231292517	4174665.0	4.771045714285713	4.793744
7500.0	289	4421	1026.726643598616	4471389.0	4.7694816	4.747584
8000.0	303	4724	981.7293729372938	4768853.0	4.768853	4.759424
8500.0	301	5025	995.8338870431894	5068599.0	4.770446117647058	4.795936
9000.0	301	5326	983.5714285714286	5364654.0	4.768581333333334	4.73688
9500.0	295	5621	1017.871186440678	5664926.0	4.770464	4.804352
10000.0	290	5911	1038.5448275862068	5966104.0	4.7728832	4.818847999999999
10500.0	305	6216	969.3081967213114	6261743.0	4.770851809523809	4.730224
11000.0	293	6509	1007.8976109215017	6557057.0	4.768768727272728	4.725024
11500.0	306	6815	968.3529411764706	6853373.0	4.767563826086956	4.741056
12000.0	293	7108	1018.7713310580205	7151873.0	4.767915333333333	4.776
12500.0	293	7401	1014.4607508532423	7449110.0	4.7674304	4.755792
13000.0	316	7717	928.617088607595	7742553.0	4.764648	4.695088
13500.0	288	8005	1040.486111111111	8042213.0	4.765755851851852	4.79456
14000.0	287	8292	1051.9581881533102	8344125.0	4.768071428571428	4.830592
14500.0	291	8583	1015.1202749140894	8639525.0	4.7666344827586205	4.7264
15000.0	295	8878	1011.6881355932203	8937973.0	4.766918933333334	4.775168
15500.0	290	9168	1034.7	9238036.0	4.768018580645161	4.801008
16000.0	304	9472	978.7861842105264	9535587.0	4.7677935	4.760816
16500.0	302	9774	988.0264900662252	9833971.0	4.76798593939394	4.774144
17000.0	304	10078	981.1184210526316	1.0132231E7	4.768108705882352	4.77216
17500.0	298	10376	990.7348993288591	1.042747E7	4.766843428571428	4.723824
18000.0	304	10680	971.733552631579	1.0722877E7	4.765723111111111	4.726512
18500.0	306	10986	963.7973856209151	1.1017799E7	4.764453621621621	4.718752
19000.0	299	11285	997.1170568561873	1.1315937E7	4.7646050526315795	4.770208
19500.0	294	11579	1012.3911564625851	1.161358E7	4.764545641025641	4.762288
20000.0	283	11862	1063.1519434628976	1.1914452E7	4.765780800000001	4.813952000000001
20500.0	303	12165	983.7491749174917	1.2212528E7	4.765864585365853	4.769216
21000.0	298	12463	992.3691275167786	1.2508254E7	4.765049142857142	4.731616
21500.0	298	12761	1002.8557046979865	1.2807105E7	4.765434418604651	4.781616
22000.0	305	13066	974.127868852459	1.3104214E7	4.7651687272727274	4.753744
22500.0	291	13357	1021.6048109965636	1.3401501E7	4.764978133333333	4.756592
23000.0	301	13658	984.78073089701	1.369792E7	4.764493913043479	4.742704
23500.0	312	13970	943.1442307692307	1.3992181E7	4.763295659574467	4.708176
24000.0	295	14265	1000.477966101695	1.4287322E7	4.762440666666666	4.722256
24500.0	285	14550	1045.9754385964911	1.4585425E7	4.762587755102041	4.769648
25000.0	293	14843	1028.9726962457337	1.4886914E7	4.7638124799999995	4.823823999999999
25500.0	300	15143	987.1566666666666	1.5183061E7	4.763313254901961	4.738352
26000.0	298	15441	1000.2080536912752	1.5481123E7	4.763422461538462	4.768992
26500.0	301	15742	977.4119601328904	1.5775324E7	4.762361962264151	4.707216
27000.0	290	16032	1041.6344827586206	1.6077398E7	4.763673481481481	4.833184
27500.0	296	16328	1006.3243243243244	1.637527E7	4.763714909090909	4.765952
28000.0	311	16639	950.2379421221865	1.6670794E7	4.763084	4.728384
28500.0	294	16933	1011.1904761904761	1.6968084E7	4.76297094736842	4.75664
29000.0	305	17238	970.9245901639345	1.7264216E7	4.762542344827586	4.738112
29500.0	297	17535	994.2390572390573	1.7559505E7	4.761899661016948	4.724624
30000.0	312	17847	945.0192307692307	1.7854351E7	4.761160266666667	4.717536
30500.0	299	18146	1003.0735785953177	1.815427E7	4.761775737704919	4.798704
31000.0	304	18450	958.5592105263158	1.8445672E7	4.760173419354839	4.662432
31500.0	297	18747	1000.1851851851852	1.8742727E7	4.760057650793651	4.75288
32000.0	288	19035	1036.7395833333333	1.9041308E7	4.760327	4.777296
32500.0	300	19335	995.9133333333333	1.9340082E7	4.760635569230769	4.780384
33000.0	294	19629	1010.0136054421769	1.9637026E7	4.760491151515152	4.751104
33500.0	297	19926	999.5252525252525	1.9933885E7	4.760330746268657	4.749744
34000.0	299	20225	989.5183946488295	2.0229751E7	4.759941411764705	4.733856
34500.0	296	20521	1014.4391891891892	2.0530025E7	4.760585507246376	4.804384
35000.0	277	20798	1086.0180505415162	2.0830852E7	4.7613376	4.813232
35500.0	303	21101	979.7458745874587	2.1127715E7	4.761175211267606	4.749808
36000.0	297	21398	996.1077441077441	2.1423559E7	4.760790888888889	4.733504
36500.0	301	21699	997.5681063122923	2.1723827E7	4.761386739726028	4.804288
37000.0	289	21988	1036.4948096885814	2.2023374E7	4.761810594594594	4.792752000000001
37500.0	300	22288	989.8433333333334	2.2320327E7	4.76166976	4.751248
38000.0	307	22595	969.8664495114007	2.2618076E7	4.761700210526316	4.763984
38500.0	296	22891	1007.7263513513514	2.2916363E7	4.7618416623376625	4.772592
39000.0	291	23182	1025.5257731958764	2.3214791E7	4.762008410256411	4.774848
39500.0	295	23477	1010.2135593220339	2.3512804E7	4.7620868860759495	4.768208
40000.0	289	23766	1045.083044982699	2.3814833E7	4.7629665999999995	4.832464
40500.0	298	24064	995.8825503355705	2.4111606E7	4.76278637037037	4.748368
]; % Wed Oct 05 09:17:44 CEST 2022
