time[ms],#packets last interval,#packets overall,overall avrg. packetsize [byte],overall sum packetsize [byte],overall offer [Mb/s],offer last interval [Mb/s]
0.0,0,0,NaN,0.0,NaN,NaN
500.0,210,210,885.5428571428571,185964.0,2.975424,2.975424
1000.0,295,505,1004.7186440677966,482356.0,3.858848,4.742272
1500.0,274,779,945.3503649635037,741382.0,3.954037333333333,4.144416
2000.0,276,1055,1056.963768115942,1033104.0,4.132416,4.667552
2500.0,283,1338,965.86925795053,1306445.0,4.180624,4.373456
3000.0,306,1644,1023.6503267973857,1619682.0,4.319152,5.011792
3500.0,257,1901,998.3735408560311,1876264.0,4.288603428571428,4.105312
4000.0,267,2168,961.8277153558053,2133072.0,4.266144,4.108928
4500.0,259,2427,1024.5907335907336,2398441.0,4.263895111111111,4.245904
5000.0,267,2694,990.1985018726592,2662824.0,4.2605184000000005,4.230128
5500.0,285,2979,959.5368421052632,2936292.0,4.270970181818182,4.375488
6000.0,265,3244,1010.7811320754716,3204149.0,4.272198666666666,4.285712
6500.0,255,3499,1016.4549019607844,3463345.0,4.262578461538462,4.147136
7000.0,243,3742,1047.5720164609054,3717905.0,4.249034285714286,4.07296
7500.0,273,4015,1048.1501831501832,4004050.0,4.270986666666667,4.57832
8000.0,253,4268,1020.1897233201581,4262158.0,4.262158,4.129728
8500.0,245,4513,974.7591836734694,4500974.0,4.2362108235294125,3.821056
9000.0,230,4743,919.2086956521739,4712392.0,4.188792888888889,3.382688
9500.0,273,5016,1031.4761904761904,4993985.0,4.20546105263158,4.505487999999999
10000.0,276,5292,990.8297101449275,5267454.0,4.2139632,4.375504
10500.0,266,5558,919.5827067669173,5512063.0,4.199667047619047,3.913744
11000.0,266,5824,1023.1917293233083,5784232.0,4.206714181818182,4.354704
11500.0,228,6052,980.9824561403509,6007896.0,4.179405913043478,3.578624
12000.0,293,6345,1032.3242320819113,6310367.0,4.206911333333333,4.839536
12500.0,249,6594,975.281124497992,6553212.0,4.19405568,3.88552
13000.0,278,6872,1024.4352517985612,6838005.0,4.208003076923077,4.556688
13500.0,267,7139,1007.812734082397,7107091.0,4.2116094814814815,4.305376
14000.0,244,7383,965.139344262295,7342585.0,4.1957628571428565,3.767904
14500.0,253,7636,1029.0237154150198,7602928.0,4.194718896551724,4.165488
15000.0,266,7902,1020.9135338345865,7874491.0,4.199728533333333,4.345008
15500.0,260,8162,1005.0538461538462,8135805.0,4.199125161290323,4.181024
16000.0,280,8442,1000.675,8415994.0,4.207997,4.483024
16500.0,241,8683,1026.5767634854772,8663399.0,4.200435878787879,3.95848
17000.0,268,8951,998.8432835820895,8931089.0,4.202865411764706,4.28304
17500.0,245,9196,1021.0244897959184,9181240.0,4.197138285714286,4.002416
18000.0,248,9444,999.4193548387096,9429096.0,4.190709333333333,3.965696
18500.0,277,9721,960.0324909747293,9695025.0,4.192443243243243,4.254864
19000.0,280,10001,1020.5428571428571,9980777.0,4.202432421052632,4.572032
19500.0,244,10245,977.4959016393443,1.0219286E7,4.192527589743589,3.816144
20000.0,237,10482,1015.8438818565401,1.0460041E7,4.1840164,3.85208
20500.0,251,10733,960.2270916334661,1.0701058E7,4.176022634146341,3.856272
21000.0,265,10998,978.4716981132076,1.0960353E7,4.1753725714285705,4.14872
21500.0,292,11290,1002.8904109589041,1.1253197E7,4.187236093023256,4.685504
22000.0,301,11591,994.7142857142857,1.1552606E7,4.200947636363637,4.790544
22500.0,258,11849,976.2635658914729,1.1804482E7,4.197149155555556,4.030016
23000.0,251,12100,1076.01593625498,1.2074562E7,4.199847652173913,4.32128
23500.0,280,12380,1029.5428571428572,1.2362834E7,4.208624340425533,4.612352
24000.0,273,12653,972.8424908424909,1.262842E7,4.209473333333333,4.249376
24500.0,264,12917,955.4924242424242,1.288067E7,4.205933061224489,4.036
25000.0,243,13160,1019.7242798353909,1.3128463E7,4.20110816,3.964688
25500.0,259,13419,1009.9382239382239,1.3390037E7,4.200795921568628,4.185184
26000.0,266,13685,1021.1390977443609,1.366166E7,4.203587692307692,4.345968
26500.0,268,13953,979.0335820895523,1.3924041E7,4.203484075471699,4.198096
27000.0,246,14199,964.5365853658536,1.4161317E7,4.195945777777778,3.796416
27500.0,275,14474,1031.3527272727272,1.4444939E7,4.202164072727272,4.537952
28000.0,270,14744,991.8629629629629,1.4712742E7,4.203640571428571,4.284848
28500.0,259,15003,990.2702702702703,1.4969222E7,4.201886877192982,4.10368
29000.0,247,15250,1016.1336032388664,1.5220207E7,4.198677793103448,4.01576
29500.0,262,15512,1018.0381679389313,1.5486933E7,4.199846237288136,4.267616
30000.0,245,15757,993.2571428571429,1.5730281E7,4.1947416,3.893568
30500.0,246,16003,1008.6382113821138,1.5978406E7,4.19105731147541,3.97
31000.0,233,16236,1053.8369098712446,1.622395E7,4.186825806451613,3.928704
31500.0,240,16476,1035.0041666666666,1.6472351E7,4.183454222222222,3.974416
32000.0,264,16740,1019.8598484848485,1.6741594E7,4.185398500000001,4.307888
32500.0,265,17005,1082.6905660377358,1.7028507E7,4.191632492307693,4.590608
33000.0,258,17263,1006.546511627907,1.7288196E7,4.191077818181818,4.155024
33500.0,280,17543,980.4785714285714,1.756273E7,4.194084776119403,4.392544
34000.0,272,17815,996.1580882352941,1.7833685E7,4.196161176470589,4.33528
34500.0,282,18097,1014.2482269503546,1.8119703E7,4.201670260869565,4.576288
35000.0,263,18360,985.9467680608365,1.8379007E7,4.200915885714286,4.148864
35500.0,245,18605,902.8653061224489,1.8600209E7,4.191596394366197,3.539232
36000.0,268,18873,1013.8059701492538,1.8871909E7,4.193757555555556,4.3472
36500.0,277,19150,1000.6028880866426,1.9149076E7,4.197057753424658,4.434672
37000.0,269,19419,908.0631970260223,1.9393345E7,4.193155675675675,3.908304
37500.0,282,19701,989.0354609929078,1.9672253E7,4.1967473066666665,4.462528
38000.0,267,19968,942.8352059925094,1.992399E7,4.194524210526317,4.027792
38500.0,247,20215,1023.9554655870445,2.0176907E7,4.192604051948052,4.046672
39000.0,275,20490,1028.3563636363635,2.0459705E7,4.196862564102564,4.524768
39500.0,250,20740,1017.34,2.071404E7,4.1952486075949365,4.06936
40000.0,280,21020,997.6821428571428,2.0993391E7,4.1986782,4.469616
40500.0,246,21266,1018.829268292683,2.1244023E7,4.196350222222222,4.010112
41000.0,267,21533,941.876404494382,2.1495504E7,4.194244682926829,4.023696
41500.0,248,21781,963.258064516129,2.1734392E7,4.189762313253012,3.822208
42000.0,270,22051,1000.6074074074074,2.2004556E7,4.191344,4.322624
42500.0,258,22309,955.3333333333334,2.2251032E7,4.188429552941177,3.943616
43000.0,288,22597,1021.8993055555555,2.2545339E7,4.194481674418605,4.708912
43500.0,247,22844,1021.1133603238867,2.2797554E7,4.1926536091954025,4.03544
44000.0,264,23108,969.7765151515151,2.3053575E7,4.191559090909091,4.096336
44500.0,263,23371,1013.3726235741445,2.3320092E7,4.192376089887641,4.264272
45000.0,278,23649,1010.6546762589928,2.3601054E7,4.1957429333333325,4.495392
45500.0,233,23882,1069.0858369098712,2.3850151E7,4.193433142857143,3.985552
46000.0,280,24162,984.2607142857142,2.4125744E7,4.195781565217391,4.409488
46500.0,268,24430,979.794776119403,2.4388329E7,4.195841548387097,4.20136
47000.0,270,24700,934.2074074074075,2.4640565E7,4.194138723404254,4.035776
47500.0,235,24935,1014.0468085106382,2.4878866E7,4.1901247999999995,3.812816
48000.0,258,25193,981.8449612403101,2.5132182E7,4.188697,4.053056
48500.0,257,25450,1042.330739299611,2.5400061E7,4.189700783505154,4.286064
49000.0,298,25748,983.8087248322148,2.5693236E7,4.194814040816326,4.6908
49500.0,242,25990,1038.3677685950413,2.5944521E7,4.193053898989898,4.02056
50000.0,259,26249,989.2007722007722,2.6200724E7,4.1921158400000005,4.099248
50500.0,257,26506,968.715953307393,2.6449684E7,4.19004895049505,3.98336
51000.0,271,26777,989.6752767527676,2.6717886E7,4.19104094117647,4.291232
51500.0,263,27040,991.384030418251,2.697862E7,4.190853592233009,4.171744
52000.0,242,27282,951.7603305785124,2.7208946E7,4.1859916923076925,3.685216
52500.0,289,27571,1008.7128027681661,2.7500464E7,4.1905468952380955,4.664288
53000.0,273,27844,931.7289377289377,2.7754826E7,4.189407698113207,4.069792
53500.0,263,28107,945.4106463878327,2.8003469E7,4.18743461682243,3.978288
54000.0,257,28364,1029.8599221789884,2.8268143E7,4.187873037037037,4.234784
54500.0,303,28667,944.2508250825083,2.8554251E7,4.191449688073394,4.577728
55000.0,283,28950,1008.2473498233215,2.8839585E7,4.194848727272727,4.565344
55500.0,243,29193,1041.4938271604938,2.9092668E7,4.19353772972973,4.049327999999999
56000.0,258,29451,1065.7286821705427,2.9367626E7,4.195375142857142,4.399328
56500.0,266,29717,1027.890977443609,2.9641045E7,4.196962123893805,4.374704
57000.0,268,29985,1037.6194029850747,2.9919127E7,4.199175719298246,4.449312
57500.0,248,30233,1035.141129032258,3.0175842E7,4.198378017391304,4.10744
58000.0,279,30512,1013.0358422939069,3.0458479E7,4.20116951724138,4.522192
58500.0,236,30748,980.2330508474577,3.0689814E7,4.196897641025641,3.70136
59000.0,267,31015,1020.3520599250936,3.0962248E7,4.198270915254237,4.358944
59500.0,262,31277,977.0229007633587,3.1218228E7,4.19740880672269,4.09568
60000.0,260,31537,1009.1923076923077,3.1480618E7,4.197415733333333,4.19824
60500.0,256,31793,1059.73046875,3.1751909E7,4.198599537190082,4.340656
