time[ms],#packets last interval,#packets overall,overall avrg. packetsize [byte],overall sum packetsize [byte],overall offer [Mb/s],offer last interval [Mb/s]
0.0,0,0,NaN,0.0,NaN,NaN
500.0,3626,3626,988.2978488692775,3583568.0,57.337088,57.337088
1000.0,3602,7228,1014.7087729039423,7238549.0,57.908392,58.479696
1500.0,3515,10743,987.9305832147937,1.0711125E7,57.126,55.561216
2000.0,3488,14231,1000.5518922018349,1.420105E7,56.8042,55.8388
2500.0,3673,17904,1005.1110808603322,1.7892823E7,57.2570336,59.068368
3000.0,3553,21457,1014.0931607092598,2.1495896E7,57.322389333333334,57.649168
3500.0,3519,24976,991.8437055981813,2.4986194E7,57.111300571428565,55.844768
4000.0,3627,28603,1007.306865177833,2.8639696E7,57.279392,58.456032
4500.0,3615,32218,998.4193637621023,3.2248982E7,57.33152355555555,57.748576
5000.0,3654,35872,1003.2586206896551,3.5914889E7,57.4638224,58.654512
5500.0,3503,39375,1002.2212389380531,3.942567E7,57.34642909090909,56.172496
6000.0,3510,42885,1004.6287749287749,4.2951917E7,57.26922266666667,56.419952
6500.0,3550,46435,995.8752112676057,4.6487274E7,57.21510646153846,56.565712
7000.0,3661,50096,994.6301556951653,5.0128615E7,57.28984571428572,58.261456
7500.0,3601,53697,1007.4487642321577,5.3756438E7,57.34020053333334,58.045168
8000.0,3488,57185,988.6115252293578,5.7204715E7,57.204715,55.172432
8500.0,3525,60710,993.9991489361702,6.0708562E7,57.137470117647055,56.061552
9000.0,3520,64230,989.1116477272727,6.4190235E7,57.057986666666665,55.706768
9500.0,3591,67821,1008.3194096351991,6.781111E7,57.10409263157894,57.934
10000.0,3621,71442,1008.3438276719138,7.1462323E7,57.169858399999995,58.419408
10500.0,3595,75037,1013.3299026425591,7.5105244E7,57.22304304761904,58.286736
11000.0,3449,78486,1004.8756161206147,7.857106E7,57.142589090909084,55.453056
11500.0,3534,82020,988.5447085455575,8.2064577E7,57.088401391304345,55.896272
12000.0,3543,85563,990.3784928027096,8.5573488E7,57.048992,56.142576
12500.0,3551,89114,1002.6555899746551,8.9133918E7,57.04570752,56.96688
13000.0,3638,92752,1009.5241891148983,9.2806567E7,57.111733538461536,58.762384
13500.0,3502,96254,1003.28012564249,9.6320054E7,57.07855051851851,56.215792
14000.0,3543,99797,995.6107818233136,9.9847503E7,57.055716,56.439184
14500.0,3583,103380,996.5509349706949,1.03418145E8,57.05828689655173,57.130272
15000.0,3617,106997,1000.6809510644181,1.07037608E8,57.086724266666664,57.911408
15500.0,3625,110622,1000.2532413793103,1.10663526E8,57.11665858064516,58.014688
16000.0,3572,114194,979.7852743561031,1.14163319E8,57.0816595,55.996688
16500.0,3481,117675,993.2585463947141,1.17620852E8,57.02829187878788,55.320528
17000.0,3625,121300,996.3255172413793,1.21232532E8,57.05060329411764,57.78688
17500.0,3485,124785,993.1449067431851,1.24693642E8,57.00280777142857,55.37776
18000.0,3620,128405,1007.1157458563536,1.28339401E8,57.039733777777776,58.332144
18500.0,3566,131971,987.3819405496355,1.31860405E8,57.020715675675675,56.336064
19000.0,3628,135599,989.5374862183021,1.35450447E8,57.031767157894734,57.440672
19500.0,3651,139250,982.9991783073131,1.39039377E8,57.041795692307694,57.42288
20000.0,3562,142812,999.1749017405951,1.42598438E8,57.0393752,56.944976
20500.0,3550,146362,1011.9698591549296,1.46190931E8,57.050119414634146,57.479888
21000.0,3591,149953,983.0698969646338,1.49721135E8,57.03662285714286,56.483264
21500.0,3633,153586,994.8475089457748,1.53335416E8,57.055038511627906,57.828496
22000.0,3507,157093,1008.3036783575706,1.56871537E8,57.04419527272727,56.577936
22500.0,3572,160665,984.907614781635,1.60389627E8,57.027422933333334,56.28944
23000.0,3586,164251,1007.2147239263803,1.64001499E8,57.043999652173916,57.789952
23500.0,3582,167833,1008.0734226689001,1.67612418E8,57.05954655319149,57.774704
24000.0,3485,171318,986.8284074605452,1.71051515E8,57.01717166666667,55.025552
24500.0,3554,174872,1009.5014068655037,1.74639283E8,57.025072,57.404288
25000.0,3512,178384,981.1976082004555,1.78085249E8,56.98727968,55.135456
25500.0,3606,181990,994.6805324459234,1.81672067E8,56.995158274509805,57.389088
26000.0,3486,185476,1004.9658634538152,1.85175378E8,56.97703938461538,56.052976
26500.0,3543,189019,998.5458650860852,1.88713226E8,56.97003049056604,56.605568
27000.0,3670,192689,1002.3310626702997,1.92391781E8,57.00497214814815,58.85688
27500.0,3684,196373,983.1452225841476,1.96013688E8,57.02216378181818,57.950512
28000.0,3538,199911,999.1416054267949,1.99548651E8,57.013900285714286,56.559408
28500.0,3558,203469,1014.6256323777403,2.03158689E8,57.027000421052634,57.760608
29000.0,3619,207088,994.1572257529705,2.06756544E8,57.036288,57.56568
29500.0,3504,210592,1026.2451484018266,2.10352507E8,57.04474766101695,57.53540800000001
30000.0,3634,214226,990.5437534397358,2.13952143E8,57.0539048,57.594176
30500.0,3514,217740,991.2797381900967,2.174355E8,57.03226229508196,55.733712
31000.0,3478,221218,1003.1523864289821,2.20924464E8,57.0127649032258,55.823424
31500.0,3544,224762,1010.2593115124154,2.24504823E8,57.017097904761904,57.285744
32000.0,3604,228366,1008.3693118756937,2.28138986E8,57.0347465,58.146608
32500.0,3567,231933,983.3908045977012,2.31646741E8,57.020736246153845,56.12408
33000.0,3653,235586,1009.8242540377772,2.35335629E8,57.05106157575757,59.022208
33500.0,3634,239220,997.9719317556412,2.38962259E8,57.06561408955224,58.02608
34000.0,3548,242768,994.0560879368659,2.4248917E8,57.05627529411765,56.430576
34500.0,3597,246365,990.3163747567418,2.46051338E8,57.05538272463768,56.994688
35000.0,3571,249936,1009.0504060487259,2.49654657E8,57.0639216,57.653104
35500.0,3597,253533,996.8932443703086,2.53240482E8,57.068277633802815,57.3732
36000.0,3584,257117,995.7260044642857,2.56809164E8,57.06870311111111,57.098912
36500.0,3516,260633,1001.7428896473265,2.60331292E8,57.05891331506849,56.354048
37000.0,3517,264150,1020.1546772817742,2.63919176E8,57.063605621621626,57.406144
37500.0,3491,267641,995.7605270696075,2.67395376E8,57.04434687999999,55.6192
38000.0,3573,271214,991.050097956899,2.70936398E8,57.03924168421052,56.656352
38500.0,3608,274822,1003.9199002217294,2.74558541E8,57.05112540259741,57.954288
39000.0,3644,278466,1001.4286498353458,2.78207747E8,57.068255794871796,58.387296
39500.0,3469,281935,999.3320841741136,2.8167443E8,57.04798582278481,55.466928
40000.0,3570,285505,993.1773109243697,2.85220073E8,57.044014600000004,56.730288
40500.0,3474,288979,1005.9254461715601,2.88714658E8,57.03005590123457,55.91336
41000.0,3479,292458,1007.6941649899396,2.92220426E8,57.01861970731707,56.092288
41500.0,3422,295880,1021.0908825248392,2.95714599E8,57.005223903614464,55.906768
42000.0,3545,299425,997.8502115655854,2.99251978E8,57.00037676190476,56.598064
42500.0,3546,302971,1007.8677382966723,3.02825877E8,57.00251802352941,57.182384
43000.0,3609,306580,1007.7647547797174,3.064629E8,57.0163534883721,58.192368
43500.0,3528,310108,996.6173469387755,3.09978966E8,57.00762593103448,56.257056
44000.0,3600,313708,990.77,3.13545738E8,57.008316,57.068352
44500.0,3515,317223,1008.1593172119487,3.17089418E8,57.004839191011236,56.69888
45000.0,3542,320765,1013.0923207227555,3.20677791E8,57.00938506666667,57.413968
45500.0,3521,324286,999.2814541323488,3.24196261E8,57.001540395604394,56.29552
46000.0,3576,327862,1011.8263422818792,3.27814552E8,57.01122643478261,57.892656
46500.0,3617,331479,1005.638097871164,3.31451945E8,57.02399053763441,58.198288
47000.0,3614,335093,996.2825124515772,3.3505251E8,57.030214468085106,57.60904
47500.0,3587,338680,994.0825202118763,3.38618284E8,57.03044783157895,57.052384
48000.0,3573,342253,1013.4170165127344,3.42239223E8,57.0398705,57.935024
48500.0,3426,345679,996.768826619965,3.45654153E8,57.01511802061856,54.63888
49000.0,3483,349162,988.8067757680161,3.49098167E8,56.99561910204081,55.104224
49500.0,3481,352643,1011.3418557885665,3.52618648E8,56.98887240404041,56.327696
50000.0,3551,356194,995.4356519290341,3.5615344E8,56.984550399999996,56.556672
50500.0,3550,359744,983.3698591549296,3.59644403E8,56.97337077227723,55.855408
51000.0,3455,363199,1003.7452966714906,3.63112343E8,56.95879890196078,55.48704
51500.0,3588,366787,1014.4361761426978,3.6675214E8,56.97120621359223,58.236752
52000.0,3605,370392,998.2829403606103,3.7035095E8,56.97706923076923,57.58096
52500.0,3468,373860,982.166955017301,3.73757105E8,56.95346361904762,54.49848
53000.0,3559,377419,1001.3236864287721,3.77320816E8,56.95408543396227,57.019376
53500.0,3554,380973,996.9347214406303,3.80863922E8,56.9516145046729,56.689696
54000.0,3608,384581,1008.7303215077606,3.84503421E8,56.963469777777775,58.231984
54500.0,3562,388143,998.5117911285795,3.8806012E8,56.962953394495415,56.907184
55000.0,3504,391647,988.1817922374429,3.91522709E8,56.948757672727275,55.401424
55500.0,3635,395282,1005.521045392022,3.95177778E8,56.96256259459459,58.481104
56000.0,3601,398883,1007.6789780616496,3.9880643E8,56.97234714285714,58.058432
56500.0,3640,402523,1013.2557692307693,4.02494681E8,56.99039730973452,59.012016
57000.0,3462,405985,982.2235701906412,4.05895139E8,56.96773880701754,54.407328
57500.0,3515,409500,1003.849786628734,4.09423671E8,56.96329335652174,56.456512
58000.0,3521,413021,999.6154501562056,4.12943317E8,56.95769889655172,56.314336
58500.0,3545,416566,985.5551480959098,4.1643711E8,56.948664615384615,55.900688
59000.0,3472,420038,996.0285138248848,4.19895321E8,56.93495877966102,55.331376
59500.0,3614,423652,1003.1087437742113,4.23520556E8,56.94394030252101,58.00376
60000.0,3473,427125,1013.912467607256,4.27041874E8,56.93891653333334,56.341088
60500.0,3553,430678,995.0695187165776,4.30577356E8,56.93584872727273,56.567712
