time[ms],#packets last interval,#packets overall,overall avrg. packetsize [byte],overall sum packetsize [byte],overall offer [Mb/s],offer last interval [Mb/s]
0.0,0,0,NaN,0.0,NaN,NaN
500.0,139,139,1048.6474820143885,145762.0,2.332192,2.332192
1000.0,127,266,873.8740157480315,256744.0,2.053952,1.775712
1500.0,137,403,960.3138686131387,388307.0,2.0709706666666663,2.105008
2000.0,121,524,993.0578512396694,508467.0,2.033868,1.92256
2500.0,131,655,1001.3893129770993,639649.0,2.0468768,2.098912
3000.0,164,819,951.4451219512196,795686.0,2.121829333333333,2.496592
3500.0,138,957,951.7391304347826,927026.0,2.118916571428571,2.10144
4000.0,135,1092,1034.0666666666666,1066625.0,2.13325,2.233584
4500.0,149,1241,1001.4630872483222,1215843.0,2.161498666666667,2.387488
5000.0,152,1393,986.8026315789474,1365837.0,2.1853391999999996,2.399904
5500.0,140,1533,1021.8285714285714,1508893.0,2.1947534545454546,2.288896
6000.0,138,1671,1008.9202898550725,1648124.0,2.197498666666667,2.227696
6500.0,143,1814,1107.3636363636363,1806477.0,2.223356307692308,2.5336479999999995
7000.0,132,1946,923.6060606060606,1928393.0,2.2038777142857144,1.950656
7500.0,120,2066,975.0083333333333,2045394.0,2.1817536,1.872016
8000.0,137,2203,951.1240875912408,2175698.0,2.175698,2.084864
8500.0,138,2341,954.2463768115942,2307384.0,2.171655529411765,2.106976
9000.0,133,2474,1082.8947368421052,2451409.0,2.179030222222222,2.3044
9500.0,113,2587,948.4424778761062,2558583.0,2.1545962105263157,1.714784
10000.0,134,2721,999.6567164179105,2692537.0,2.1540295999999994,2.143264
10500.0,127,2848,1062.4251968503936,2827465.0,2.1542590476190475,2.158848
11000.0,142,2990,982.1267605633802,2966927.0,2.157765090909091,2.231392
11500.0,149,3139,1009.7785234899329,3117384.0,2.1686149565217394,2.407312
12000.0,130,3269,1101.3153846153846,3260555.0,2.1737033333333335,2.290736
12500.0,115,3384,973.4434782608696,3372501.0,2.1584006399999995,1.791136
13000.0,122,3506,973.0245901639345,3491210.0,2.148436923076923,1.899344
13500.0,150,3656,1016.1866666666666,3643638.0,2.159192888888889,2.438848
14000.0,115,3771,953.2347826086957,3753260.0,2.14472,1.753952
14500.0,144,3915,1058.8125,3905729.0,2.154884965517241,2.439504
15000.0,141,4056,1001.7588652482269,4046977.0,2.1583877333333334,2.259968
15500.0,141,4197,1042.8085106382978,4194013.0,2.164651870967742,2.352576
16000.0,140,4337,1073.4785714285715,4344300.0,2.17215,2.404592
16500.0,139,4476,1017.3093525179856,4485706.0,2.1748877575757573,2.262496
17000.0,168,4644,1036.1011904761904,4659771.0,2.192833411764706,2.7850399999999995
17500.0,128,4772,1031.4609375,4791798.0,2.1905362285714283,2.112432
18000.0,142,4914,1011.0422535211268,4935366.0,2.193496,2.297088
18500.0,133,5047,1024.233082706767,5071589.0,2.193119567567568,2.179568
19000.0,142,5189,937.3661971830986,5204695.0,2.1914505263157893,2.129696
19500.0,133,5322,1045.8045112781954,5343787.0,2.192322871794872,2.2254719999999995
20000.0,140,5462,964.65,5478838.0,2.1915351999999997,2.160816
20500.0,126,5588,949.4206349206349,5598465.0,2.184766829268293,1.914032
21000.0,145,5733,1025.606896551724,5747178.0,2.189401142857143,2.379408
21500.0,129,5862,989.8372093023256,5874867.0,2.1859970232558137,2.043024
22000.0,141,6003,1033.5390070921985,6020596.0,2.1893076363636363,2.331664
22500.0,126,6129,1049.047619047619,6152776.0,2.187653688888889,2.11488
23000.0,129,6258,990.6744186046511,6280573.0,2.1845471304347828,2.044752
23500.0,127,6385,1017.9133858267717,6409848.0,2.1820759148936175,2.0684
24000.0,140,6525,1087.25,6562063.0,2.187354333333333,2.43544
24500.0,142,6667,999.7957746478874,6704034.0,2.1890723265306127,2.271536
25000.0,126,6793,953.2857142857143,6824148.0,2.18372736,1.921824
25500.0,142,6935,1029.1408450704225,6970286.0,2.1867563921568625,2.338208
26000.0,122,7057,935.9426229508197,7084471.0,2.1798372307692304,1.82696
26500.0,129,7186,1013.1937984496124,7215173.0,2.1781654339622643,2.091232
27000.0,130,7316,971.3538461538461,7341449.0,2.175244148148148,2.020416
27500.0,151,7467,1021.3112582781457,7495667.0,2.180557672727273,2.467488
28000.0,144,7611,957.2986111111111,7633518.0,2.181005142857143,2.205616
28500.0,136,7747,1011.625,7771099.0,2.1813611228070173,2.201296
29000.0,129,7876,1001.0852713178294,7900239.0,2.179376275862069,2.06624
29500.0,126,8002,1002.4603174603175,8026549.0,2.176691254237288,2.02096
30000.0,142,8144,1021.8028169014085,8171645.0,2.1791053333333337,2.321536
30500.0,139,8283,1063.1151079136691,8319418.0,2.182142426229508,2.364368
31000.0,122,8405,970.9344262295082,8437872.0,2.1775153548387096,1.895264
31500.0,152,8557,1034.3092105263158,8595087.0,2.1828792380952384,2.51544
32000.0,142,8699,1040.0140845070423,8742769.0,2.18569225,2.362912
32500.0,141,8840,1073.7943262411347,8894174.0,2.1893351384615385,2.42248
33000.0,155,8995,1004.6709677419354,9049898.0,2.1939146666666667,2.491584
33500.0,138,9133,997.8260869565217,9187598.0,2.1940532537313433,2.2032
34000.0,146,9279,968.1712328767123,9328951.0,2.1950472941176473,2.261648
34500.0,138,9417,930.2753623188406,9457329.0,2.1930038260869567,2.054048
35000.0,158,9575,981.2848101265823,9612372.0,2.1971136,2.480688
35500.0,133,9708,943.8421052631579,9737903.0,2.194457014084507,2.008496
36000.0,110,9818,1059.6272727272728,9854462.0,2.1898804444444444,1.8649440000000002
36500.0,119,9937,980.436974789916,9971134.0,2.18545402739726,1.866752
37000.0,144,10081,1025.7777777777778,1.0118846E7,2.1878585945945948,2.363392
37500.0,119,10200,958.6218487394958,1.0232922E7,2.1830233600000004,1.825216
38000.0,136,10336,994.6102941176471,1.0368189E7,2.1827766315789474,2.164272
38500.0,127,10463,1041.6614173228347,1.050048E7,2.1819179220779223,2.116656
39000.0,130,10593,991.4923076923077,1.0629374E7,2.1803844102564103,2.062304
39500.0,128,10721,1010.1015625,1.0758667E7,2.17897053164557,2.068688
40000.0,139,10860,1030.1079136690648,1.0901852E7,2.1803703999999997,2.29096
40500.0,119,10979,1133.6050420168067,1.1036751E7,2.1800989629629632,2.158384
41000.0,136,11115,1025.2279411764705,1.1176182E7,2.1807184390243903,2.230896
41500.0,138,11253,998.9492753623189,1.1314037E7,2.181019180722892,2.20568
42000.0,145,11398,1018.3862068965517,1.1461703E7,2.1831815238095236,2.362656
42500.0,142,11540,1077.880281690141,1.1614762E7,2.1863081411764704,2.448944
43000.0,140,11680,973.1071428571429,1.1750997E7,2.186232,2.17976
43500.0,141,11821,992.7943262411347,1.1890981E7,2.1868470804597697,2.239744
44000.0,125,11946,1036.936,1.2020598E7,2.185563272727273,2.0738719999999997
44500.0,159,12105,1007.2515723270441,1.2180751E7,2.18979793258427,2.562448
45000.0,146,12251,997.0890410958904,1.2326326E7,2.1913468444444444,2.3292
45500.0,125,12376,911.816,1.2440303E7,2.1873060219780216,1.823632
46000.0,150,12526,986.6266666666667,1.2588297E7,2.189269043478261,2.367904
46500.0,159,12685,1022.5471698113207,1.2750882E7,2.1937001290322584,2.60136
47000.0,127,12812,1133.5275590551182,1.289484E7,2.194866382978723,2.303328
47500.0,137,12949,1088.985401459854,1.3044031E7,2.196889431578948,2.387056
48000.0,133,13082,1024.1654135338347,1.3180245E7,2.1967075,2.179424
48500.0,134,13216,1033.44776119403,1.3318727E7,2.1969034226804123,2.215712
49000.0,119,13335,1022.7478991596639,1.3440434E7,2.1943565714285715,1.947312
49500.0,146,13481,948.2054794520548,1.3578872E7,2.1945651717171715,2.215008
50000.0,135,13616,923.7407407407408,1.3703577E7,2.1925723200000005,1.99528
50500.0,152,13768,973.0394736842105,1.3851479E7,2.194293702970297,2.366432
51000.0,135,13903,987.6,1.3984805E7,2.193694901960784,2.133216
51500.0,124,14027,1077.0403225806451,1.4118358E7,2.1931429902912627,2.136848
52000.0,130,14157,1061.623076923077,1.4256369E7,2.1932875384615387,2.208176
52500.0,137,14294,961.7226277372263,1.4388125E7,2.1924761904761905,2.108096
53000.0,147,14441,1051.0136054421769,1.4542624E7,2.1951130566037733,2.471984
53500.0,156,14597,993.474358974359,1.4697606E7,2.1977728598130843,2.479712
54000.0,134,14731,1005.9402985074627,1.4832402E7,2.197392888888889,2.156736
54500.0,120,14851,1011.7,1.4953806E7,2.1950540917431196,1.942464
55000.0,127,14978,967.5275590551181,1.5076682E7,2.1929719272727275,1.966016
55500.0,133,15111,975.5112781954887,1.5206425E7,2.191917117117117,2.075888
56000.0,136,15247,975.0955882352941,1.5339038E7,2.1912911428571427,2.121808
56500.0,125,15372,1082.88,1.5474398E7,2.1910652035398233,2.16576
57000.0,145,15517,994.696551724138,1.5618629E7,2.1920882807017543,2.307696
57500.0,148,15665,1002.0337837837837,1.576693E7,2.1936598260869564,2.372816
58000.0,113,15778,987.8761061946902,1.587856E7,2.1901462068965514,1.78608
58500.0,141,15919,1019.8936170212766,1.6022365E7,2.1910926495726497,2.30088
59000.0,134,16053,1028.2238805970148,1.6160147E7,2.1912063728813562,2.204512
59500.0,167,16220,1014.1976047904192,1.6329518E7,2.1955654453781515,2.709936
60000.0,120,16340,1014.3083333333333,1.6451235E7,2.193498,1.947472
60500.0,167,16507,1005.1676646706587,1.6619098E7,2.1975666776859506,2.685808
