time[ms],#packets last interval,#packets overall,overall avrg. packetsize [byte],overall sum packetsize [byte],overall offer [Mb/s],offer last interval [Mb/s]
0.0,0,0,NaN,0.0,NaN,NaN
500.0,36,36,1009.8888888888889,36356.0,0.581696,0.581696
1000.0,23,59,998.3913043478261,59319.0,0.474552,0.367408
1500.0,32,91,1069.59375,93546.0,0.498912,0.547632
2000.0,31,122,888.7741935483871,121098.0,0.484392,0.440832
2500.0,41,163,1085.9756097560976,165623.0,0.5299936,0.7124
3000.0,31,194,1122.3548387096773,200416.0,0.5344426666666667,0.556688
3500.0,25,219,1069.88,227163.0,0.5192297142857143,0.42795200000000005
4000.0,31,250,1037.225806451613,259317.0,0.518634,0.514464
4500.0,47,297,1024.8297872340424,307484.0,0.5466382222222222,0.7706719999999999
5000.0,22,319,855.9090909090909,326314.0,0.5221024,0.30128
5500.0,27,346,1223.4814814814815,359348.0,0.522688,0.528544
6000.0,35,381,934.4,392052.0,0.522736,0.523264
6500.0,27,408,1163.5185185185185,423467.0,0.5211901538461539,0.50264
7000.0,32,440,1020.84375,456134.0,0.5212960000000001,0.522672
7500.0,28,468,950.0714285714286,482736.0,0.5149184,0.425632
8000.0,26,494,1143.0384615384614,512455.0,0.5124550000000001,0.4755039999999999
8500.0,37,531,1045.3783783783783,551134.0,0.5187143529411764,0.618864
9000.0,20,551,955.25,570239.0,0.5068791111111112,0.30568
9500.0,40,591,932.55,607541.0,0.5116134736842105,0.596832
10000.0,32,623,1221.40625,646626.0,0.5173008,0.62536
10500.0,35,658,1007.0285714285715,681872.0,0.5195215238095239,0.563936
11000.0,28,686,1028.5,710670.0,0.5168509090909091,0.460768
11500.0,36,722,995.6666666666666,746514.0,0.5193140869565217,0.573504
12000.0,37,759,831.4324324324324,777277.0,0.5181846666666667,0.492208
12500.0,40,799,854.675,811464.0,0.51933696,0.546992
13000.0,38,837,925.1315789473684,846619.0,0.5209963076923076,0.56248
13500.0,36,873,1153.361111111111,888140.0,0.5263051851851852,0.664336
14000.0,27,900,1027.037037037037,915870.0,0.5233542857142858,0.44367999999999996
14500.0,35,935,910.8857142857142,947751.0,0.5228971034482759,0.510096
15000.0,33,968,1205.878787878788,987545.0,0.5266906666666666,0.636704
15500.0,35,1003,1073.9142857142858,1025132.0,0.5291003870967742,0.6013920000000001
16000.0,36,1039,1154.0555555555557,1066678.0,0.533339,0.664736
16500.0,31,1070,917.6129032258065,1095124.0,0.5309692121212121,0.455136
17000.0,38,1108,1148.921052631579,1138783.0,0.5358978823529412,0.698544
17500.0,27,1135,892.7407407407408,1162887.0,0.5316054857142857,0.385664
18000.0,25,1160,1042.04,1188938.0,0.528416888888889,0.416816
18500.0,34,1194,977.8529411764706,1222185.0,0.5285124324324324,0.531952
19000.0,37,1231,900.5945945945946,1255507.0,0.5286345263157894,0.533152
19500.0,34,1265,1033.7941176470588,1290656.0,0.5294998974358974,0.562384
20000.0,33,1298,1106.1818181818182,1327160.0,0.530864,0.584064
20500.0,22,1320,875.8181818181819,1346428.0,0.5254353170731707,0.308288
21000.0,29,1349,970.4137931034483,1374570.0,0.5236457142857143,0.450272
21500.0,30,1379,908.8666666666667,1401836.0,0.5216133953488372,0.436256
22000.0,36,1415,1021.7222222222222,1438618.0,0.5231338181818181,0.588512
22500.0,33,1448,1082.5151515151515,1474341.0,0.5242101333333333,0.571568
23000.0,35,1483,1139.2285714285715,1514214.0,0.5266831304347825,0.637968
23500.0,29,1512,1060.2758620689656,1544962.0,0.5259445106382978,0.491968
24000.0,26,1538,932.2692307692307,1569201.0,0.523067,0.387824
24500.0,35,1573,1125.6571428571428,1608599.0,0.5252568163265307,0.630368
25000.0,34,1607,1114.9705882352941,1646508.0,0.5268825600000001,0.606544
25500.0,28,1635,1033.8214285714287,1675455.0,0.5256329411764706,0.46315200000000006
26000.0,21,1656,832.3809523809524,1692935.0,0.5209030769230769,0.27968
26500.0,34,1690,1172.2058823529412,1732790.0,0.5231064150943395,0.63768
27000.0,39,1729,934.8974358974359,1769251.0,0.5242225185185185,0.583376
27500.0,21,1750,1094.5714285714287,1792237.0,0.5213780363636363,0.36777600000000005
28000.0,39,1789,1020.0769230769231,1832020.0,0.5234342857142856,0.636528
28500.0,24,1813,1007.6666666666666,1856204.0,0.5210397192982456,0.386944
29000.0,19,1832,918.8421052631579,1873662.0,0.516872275862069,0.279328
29500.0,26,1858,1168.9615384615386,1904055.0,0.5163538983050847,0.48628800000000005
30000.0,26,1884,963.6923076923077,1929111.0,0.5144296,0.400896
30500.0,19,1903,1021.6315789473684,1948522.0,0.511087737704918,0.310576
31000.0,35,1938,936.5142857142857,1981300.0,0.5113032258064516,0.524448
31500.0,34,1972,1073.4117647058824,2017796.0,0.512456126984127,0.583936
32000.0,23,1995,854.1739130434783,2037442.0,0.5093605,0.314336
32500.0,32,2027,902.21875,2066313.0,0.5086308923076923,0.461936
33000.0,30,2057,921.8333333333334,2093968.0,0.507628606060606,0.44248
33500.0,36,2093,998.3888888888889,2129910.0,0.508635223880597,0.575072
34000.0,29,2122,1050.7586206896551,2160382.0,0.5083251764705883,0.487552
34500.0,36,2158,967.8333333333334,2195224.0,0.5090374492753623,0.557472
35000.0,24,2182,1078.2916666666667,2221103.0,0.5076806857142857,0.414064
35500.0,27,2209,1089.2592592592594,2250513.0,0.5071578591549296,0.47056000000000003
36000.0,36,2245,922.0555555555555,2283707.0,0.5074904444444445,0.531104
36500.0,36,2281,956.5,2318141.0,0.508085698630137,0.550944
37000.0,32,2313,1063.125,2352161.0,0.5085753513513513,0.54432
37500.0,32,2345,780.4375,2377135.0,0.5071221333333333,0.399584
38000.0,33,2378,964.939393939394,2408978.0,0.5071532631578948,0.509488
38500.0,39,2417,835.7692307692307,2441573.0,0.5073398441558442,0.52152
39000.0,39,2456,947.7179487179487,2478534.0,0.5084172307692307,0.591376
39500.0,25,2481,1054.0,2504884.0,0.5073182784810126,0.4216
40000.0,40,2521,1113.475,2549423.0,0.5098846,0.712624
40500.0,36,2557,1014.3611111111111,2585940.0,0.510802962962963,0.584272
41000.0,35,2592,987.6,2620506.0,0.5113182439024391,0.553056
41500.0,28,2620,1103.9642857142858,2651417.0,0.5111165301204819,0.494576
42000.0,26,2646,851.7692307692307,2673563.0,0.5092500952380953,0.354336
42500.0,32,2678,920.8125,2703029.0,0.5088054588235295,0.471456
43000.0,34,2712,1036.1176470588234,2738257.0,0.5094431627906977,0.563648
43500.0,38,2750,904.7368421052631,2772637.0,0.5099102528735632,0.55008
44000.0,28,2778,912.0357142857143,2798174.0,0.508758909090909,0.408592
44500.0,29,2807,958.8620689655172,2825981.0,0.5080415280898877,0.444912
45000.0,37,2844,943.3783783783783,2860886.0,0.5086019555555555,0.55848
45500.0,39,2883,1026.0,2900900.0,0.5100483516483516,0.640224
46000.0,16,2899,883.9375,2915043.0,0.506964,0.226288
46500.0,37,2936,1074.1891891891892,2954788.0,0.508350623655914,0.63592
47000.0,32,2968,1114.40625,2990449.0,0.5090125957446808,0.570576
47500.0,23,2991,887.0434782608696,3010851.0,0.5070906947368421,0.326432
48000.0,35,3026,909.4571428571429,3042682.0,0.5071136666666667,0.5092960000000001
48500.0,28,3054,1180.7857142857142,3075744.0,0.5073392164948454,0.528992
49000.0,32,3086,1102.71875,3111031.0,0.5079234285714286,0.564592
49500.0,38,3124,952.078947368421,3147210.0,0.50864,0.578864
50000.0,31,3155,1137.0645161290322,3182459.0,0.50919344,0.563984
50500.0,27,3182,1020.8148148148148,3210021.0,0.5085181782178219,0.440992
51000.0,38,3220,831.2894736842105,3241610.0,0.5084878431372549,0.505424
51500.0,29,3249,883.5172413793103,3267232.0,0.5075311844660194,0.409952
52000.0,29,3278,1091.0344827586207,3298872.0,0.5075187692307692,0.50624
52500.0,27,3305,960.074074074074,3324794.0,0.5066352761904762,0.414752
53000.0,37,3342,1093.2972972972973,3365246.0,0.5079616603773585,0.647232
53500.0,34,3376,1019.3235294117648,3399903.0,0.5083967102803739,0.554512
54000.0,31,3407,1045.4516129032259,3432312.0,0.5084906666666666,0.518544
54500.0,34,3441,1226.6764705882354,3474019.0,0.509947743119266,0.667312
55000.0,26,3467,1237.0384615384614,3506182.0,0.509990109090909,0.514608
55500.0,22,3489,1037.7727272727273,3529013.0,0.5086865585585585,0.365296
56000.0,32,3521,958.8125,3559695.0,0.5085278571428572,0.490912
56500.0,32,3553,977.15625,3590964.0,0.5084550796460177,0.500304
57000.0,27,3580,781.4814814814815,3612064.0,0.5069563508771929,0.3376
57500.0,37,3617,1001.027027027027,3649102.0,0.507701147826087,0.592608
58000.0,35,3652,914.9714285714285,3681126.0,0.5077415172413793,0.512384
58500.0,40,3692,987.4,3720622.0,0.5088030085470086,0.631936
59000.0,32,3724,1039.65625,3753891.0,0.5090021694915254,0.532304
59500.0,21,3745,943.5714285714286,3773706.0,0.5073890420168067,0.31704
60000.0,30,3775,1036.6,3804804.0,0.5073072,0.49756799999999995
60500.0,33,3808,929.7272727272727,3835485.0,0.5071715702479338,0.490896
