time[ms],#packets last interval,#packets overall,overall avrg. packetsize [byte],overall sum packetsize [byte],overall thrp [Mb/s],thrp last interval [Mb/s]
0.0,0,0,NaN,0.0,NaN,NaN
500.0,102,102,852.2941176470588,86934.0,1.390944,1.390944
1000.0,92,194,1056.5217391304348,184134.0,1.473072,1.5552
1500.0,109,303,923.9082568807339,284840.0,1.5191466666666666,1.611296
2000.0,90,393,1099.611111111111,383805.0,1.53522,1.58344
2500.0,106,499,898.4245283018868,479038.0,1.5329215999999999,1.523728
3000.0,111,610,1074.5135135135135,598309.0,1.5954906666666666,1.908336
3500.0,104,714,957.6057692307693,697900.0,1.5952,1.593456
4000.0,103,817,839.8543689320388,784405.0,1.56881,1.38408
4500.0,89,906,1074.561797752809,880041.0,1.5645173333333333,1.530176
5000.0,118,1024,1029.177966101695,1001484.0,1.6023744,1.943088
5500.0,99,1123,1000.5050505050505,1100534.0,1.6007767272727274,1.5848
6000.0,108,1231,981.5185185185185,1206538.0,1.6087173333333333,1.696064
6500.0,104,1335,1054.2115384615386,1316176.0,1.619908923076923,1.7542080000000002
7000.0,100,1435,1083.36,1424512.0,1.6280137142857143,1.7333759999999998
7500.0,116,1551,1101.3189655172414,1552265.0,1.6557493333333335,2.044048
8000.0,112,1663,1042.705357142857,1669048.0,1.669048,1.868528
8500.0,99,1762,982.4141414141415,1766307.0,1.662406588235294,1.556144
9000.0,94,1856,986.3829787234042,1859027.0,1.6524684444444444,1.48352
9500.0,120,1976,985.8333333333334,1977327.0,1.6651174736842105,1.8928
10000.0,107,2083,965.5607476635514,2080642.0,1.6645136,1.65304
10500.0,104,2187,922.4903846153846,2176581.0,1.6583474285714284,1.535024
11000.0,93,2280,1065.4086021505377,2275664.0,1.6550283636363636,1.5853280000000003
11500.0,111,2391,950.4324324324324,2381162.0,1.6564605217391304,1.687968
12000.0,108,2499,1077.537037037037,2497536.0,1.665024,1.8619839999999999
12500.0,108,2607,1006.9629629629629,2606288.0,1.66802432,1.740032
13000.0,99,2706,1018.2929292929293,2707099.0,1.6659070769230768,1.612976
13500.0,96,2802,1006.9583333333334,2803767.0,1.6614915555555556,1.546688
14000.0,98,2900,1054.4183673469388,2907100.0,1.6612,1.653328
14500.0,99,2999,972.7575757575758,3003403.0,1.6570499310344828,1.540848
15000.0,109,3108,1036.0366972477063,3116331.0,1.6620432000000003,1.8068479999999998
15500.0,95,3203,934.7368421052631,3205131.0,1.6542611612903226,1.4208
16000.0,101,3304,1020.2079207920792,3308172.0,1.654086,1.648656
16500.0,107,3411,1011.4672897196261,3416399.0,1.6564358787878788,1.731632
17000.0,102,3513,999.2352941176471,3518321.0,1.655680470588235,1.630752
17500.0,104,3617,1063.6538461538462,3628941.0,1.658944457142857,1.76992
18000.0,105,3722,1004.3238095238095,3734395.0,1.6597311111111113,1.687264
18500.0,116,3838,959.8103448275862,3845733.0,1.6630196756756757,1.781408
19000.0,91,3929,1076.1868131868132,3943666.0,1.660490947368421,1.566928
19500.0,100,4029,986.64,4042330.0,1.658391794871795,1.578624
20000.0,109,4138,986.9724770642201,4149910.0,1.659964,1.72128
20500.0,106,4244,954.3018867924528,4251066.0,1.6589525853658535,1.618496
21000.0,89,4333,1013.1910112359551,4341240.0,1.653805714285714,1.442784
21500.0,105,4438,978.7428571428571,4444008.0,1.653584372093023,1.644288
22000.0,107,4545,975.5327102803739,4548390.0,1.65396,1.670112
22500.0,109,4654,1026.7155963302753,4660302.0,1.6569962666666669,1.790592
23000.0,113,4767,1062.796460176991,4780398.0,1.6627471304347825,1.921536
23500.0,110,4877,1039.5181818181818,4894745.0,1.6662961702127659,1.829552
24000.0,114,4991,945.3333333333334,5002513.0,1.6675043333333333,1.724288
24500.0,99,5090,1004.0505050505051,5101914.0,1.6659311020408163,1.590416
25000.0,112,5202,1021.8303571428571,5216359.0,1.6692348799999999,1.83112
25500.0,95,5297,1039.8315789473684,5315143.0,1.6674958431372549,1.580544
26000.0,102,5399,1060.2745098039215,5423291.0,1.668704923076923,1.730368
26500.0,99,5498,932.3232323232323,5515591.0,1.665084075471698,1.4768
27000.0,110,5608,1065.009090909091,5632742.0,1.6689605925925926,1.874416
27500.0,85,5693,948.4588235294118,5713361.0,1.6620686545454546,1.289904
28000.0,116,5809,1004.5603448275862,5829890.0,1.665682857142857,1.864464
28500.0,106,5915,1082.7735849056603,5944664.0,1.6686776140350879,1.8363839999999998
29000.0,100,6015,1107.37,6055401.0,1.6704554482758622,1.7717919999999998
29500.0,102,6117,1037.5098039215686,6161227.0,1.670841220338983,1.693216
30000.0,86,6203,1061.860465116279,6252547.0,1.6673458666666667,1.46112
30500.0,88,6291,956.9545454545455,6336759.0,1.6621007213114753,1.347392
31000.0,99,6390,1003.8787878787879,6436143.0,1.6609401290322579,1.590144
31500.0,101,6491,1057.3168316831684,6542932.0,1.6616970158730158,1.7086240000000001
32000.0,99,6590,998.989898989899,6641832.0,1.660458,1.5824
32500.0,101,6691,1097.6237623762377,6752692.0,1.6622011076923078,1.77376
33000.0,102,6793,988.4901960784314,6853518.0,1.661458909090909,1.613216
33500.0,97,6890,952.4639175257732,6945907.0,1.6587240597014925,1.478224
34000.0,104,6994,1003.6826923076923,7050290.0,1.6588917647058825,1.670128
34500.0,93,7087,976.3763440860215,7141093.0,1.6559056231884057,1.452848
35000.0,108,7195,1013.1481481481482,7250513.0,1.6572601142857142,1.75072
35500.0,121,7316,908.2066115702479,7360406.0,1.658683042253521,1.758288
36000.0,97,7413,951.5876288659794,7452710.0,1.6561577777777778,1.476864
36500.0,107,7520,924.8878504672897,7551673.0,1.6551612054794522,1.583408
37000.0,114,7634,883.2719298245614,7652366.0,1.6545656216216216,1.611088
37500.0,110,7744,917.4727272727273,7753288.0,1.6540347733333332,1.614752
38000.0,107,7851,903.6728971962617,7849981.0,1.6526275789473683,1.547088
38500.0,108,7959,959.6851851851852,7953627.0,1.6527017142857143,1.658336
39000.0,87,8046,951.551724137931,8036412.0,1.6484947692307692,1.32456
39500.0,88,8134,996.625,8124115.0,1.6453903797468354,1.403248
40000.0,122,8256,974.9672131147541,8243061.0,1.6486121999999999,1.903136
40500.0,112,8368,981.5178571428571,8352991.0,1.6499735308641976,1.75888
41000.0,118,8486,923.4152542372881,8461954.0,1.651112975609756,1.743408
41500.0,87,8573,1042.528735632184,8552654.0,1.6487043855421688,1.4512
42000.0,103,8676,1025.6504854368932,8658296.0,1.649199238095238,1.690272
42500.0,90,8766,916.4555555555555,8740777.0,1.6453227294117645,1.319696
43000.0,120,8886,1011.5666666666667,8862165.0,1.6487748837209302,1.942208
43500.0,121,9007,1007.9338842975206,8984125.0,1.6522528735632185,1.95136
44000.0,117,9124,1040.2905982905984,9105839.0,1.6556070909090908,1.9474240000000003
44500.0,95,9219,1017.7894736842105,9202529.0,1.6543872359550562,1.54704
45000.0,98,9317,1015.5408163265306,9302052.0,1.6536981333333334,1.592368
45500.0,107,9424,1050.7383177570093,9414481.0,1.6552933626373627,1.798864
46000.0,92,9516,947.6413043478261,9501664.0,1.652463304347826,1.394928
46500.0,119,9635,996.5126050420168,9620249.0,1.6550966021505376,1.89736
47000.0,117,9752,944.1623931623932,9730716.0,1.656292085106383,1.767472
47500.0,99,9851,1061.2828282828282,9835783.0,1.6565529263157894,1.6810719999999997
48000.0,105,9956,973.2095238095238,9937970.0,1.6563283333333334,1.634992
48500.0,96,10052,923.5625,1.0026632E7,1.6538774432989691,1.418592
49000.0,97,10149,1049.7835051546392,1.0128461E7,1.6536262857142858,1.629264
49500.0,104,10253,1058.2692307692307,1.0238521E7,1.6547104646464648,1.76096
50000.0,110,10363,1043.2545454545455,1.0353279E7,1.6565246400000002,1.836128
50500.0,99,10462,1038.060606060606,1.0456047E7,1.6564034851485148,1.644288
51000.0,104,10566,1029.1826923076924,1.0563082E7,1.6569540392156863,1.71256
51500.0,123,10689,935.4552845528456,1.0678143E7,1.6587406601941748,1.840976
52000.0,114,10803,913.6842105263158,1.0782303E7,1.6588158461538463,1.66656
52500.0,114,10917,1065.1052631578948,1.0903725E7,1.66152,1.942752
53000.0,118,11035,940.957627118644,1.1014758E7,1.6626049811320753,1.776528
53500.0,105,11140,979.7333333333333,1.111763E7,1.6624493457943925,1.645952
54000.0,83,11223,994.6385542168674,1.1200185E7,1.6592866666666668,1.32088
54500.0,89,11312,970.5955056179776,1.1286568E7,1.6567439266055046,1.382128
55000.0,98,11410,1068.938775510204,1.1391324E7,1.6569198545454547,1.676096
55500.0,106,11516,1051.9056603773586,1.1502826E7,1.658065009009009,1.7840320000000003
56000.0,98,11614,1092.9795918367347,1.1609938E7,1.6585625714285714,1.713792
56500.0,117,11731,1019.1880341880342,1.1729183E7,1.6607692743362832,1.90792
57000.0,96,11827,1076.03125,1.1832482E7,1.6606992280701756,1.652784
57500.0,97,11924,989.9484536082474,1.1928507E7,1.6596183652173915,1.5364
58000.0,89,12013,1024.4719101123596,1.2019685E7,1.6578875862068965,1.4588480000000001
58500.0,98,12111,952.5918367346939,1.2113039E7,1.6564839658119657,1.493664
59000.0,105,12216,1101.057142857143,1.222865E7,1.6581220338983051,1.8497760000000003
59500.0,95,12311,1018.8210526315789,1.2325438E7,1.6572017478991599,1.548608
60000.0,108,12419,955.0925925925926,1.2428588E7,1.6571450666666667,1.6504
60500.0,102,12521,1081.078431372549,1.2538858E7,1.6580308099173555,1.76432
