%=============================================================================================================================
% Result "thrp_SA4_DA1_AC2_ID_174_data__End". Sun Oct 09 17:24:44 CEST 2022.
%-----------------------------------------------------------------------------------------------------------------------------
% (0) time[ms] | (1) #packets last interval | (2) #packets overall | (3) overall avrg. packetsize [byte] | (4) overall sum packetsize [byte] | (5) overall thrp [Mb/s] | (6) thrp last interval [Mb/s]
%=============================================================================================================================
result_thrp_SA4_DA1_AC2_ID_174_data__End = [
0.0	0	0	NaN	0.0	NaN	NaN
500.0	0	0	NaN	0.0	0.0	NaN
1000.0	0	0	NaN	0.0	0.0	NaN
1500.0	0	0	NaN	0.0	0.0	NaN
2000.0	0	0	NaN	0.0	0.0	NaN
2500.0	0	0	NaN	0.0	0.0	NaN
3000.0	0	0	NaN	0.0	0.0	NaN
3500.0	0	0	NaN	0.0	0.0	NaN
4000.0	0	0	NaN	0.0	0.0	NaN
4500.0	0	0	NaN	0.0	0.0	NaN
5000.0	0	0	NaN	0.0	0.0	NaN
5500.0	0	0	NaN	0.0	0.0	NaN
6000.0	0	0	NaN	0.0	0.0	NaN
6500.0	0	0	NaN	0.0	0.0	NaN
7000.0	0	0	NaN	0.0	0.0	NaN
7500.0	0	0	NaN	0.0	0.0	NaN
8000.0	0	0	NaN	0.0	0.0	NaN
8500.0	0	0	NaN	0.0	0.0	NaN
9000.0	0	0	NaN	0.0	0.0	NaN
9500.0	0	0	NaN	0.0	0.0	NaN
10000.0	0	0	NaN	0.0	0.0	NaN
10500.0	0	0	NaN	0.0	0.0	NaN
11000.0	0	0	NaN	0.0	0.0	NaN
11500.0	0	0	NaN	0.0	0.0	NaN
12000.0	0	0	NaN	0.0	0.0	NaN
12500.0	0	0	NaN	0.0	0.0	NaN
13000.0	0	0	NaN	0.0	0.0	NaN
13500.0	0	0	NaN	0.0	0.0	NaN
14000.0	0	0	NaN	0.0	0.0	NaN
14500.0	0	0	NaN	0.0	0.0	NaN
15000.0	0	0	NaN	0.0	0.0	NaN
15500.0	0	0	NaN	0.0	0.0	NaN
16000.0	0	0	NaN	0.0	0.0	NaN
16500.0	0	0	NaN	0.0	0.0	NaN
17000.0	0	0	NaN	0.0	0.0	NaN
17500.0	0	0	NaN	0.0	0.0	NaN
18000.0	0	0	NaN	0.0	0.0	NaN
18500.0	0	0	NaN	0.0	0.0	NaN
19000.0	0	0	NaN	0.0	0.0	NaN
19500.0	1	1	35.0	35.0	1.435897435897436E-5	5.6E-4
20000.0	0	1	NaN	35.0	1.4E-5	NaN
20500.0	1	2	35.0	70.0	2.7317073170731707E-5	5.6E-4
21000.0	0	2	NaN	70.0	2.6666666666666667E-5	NaN
21500.0	0	2	NaN	70.0	2.6046511627906976E-5	NaN
22000.0	1	3	35.0	105.0	3.818181818181819E-5	5.6E-4
22500.0	1	4	35.0	140.0	4.977777777777777E-5	5.6E-4
23000.0	0	4	NaN	140.0	4.869565217391304E-5	NaN
23500.0	0	4	NaN	140.0	4.7659574468085114E-5	NaN
24000.0	0	4	NaN	140.0	4.666666666666667E-5	NaN
24500.0	0	4	NaN	140.0	4.5714285714285716E-5	NaN
25000.0	1	5	35.0	175.0	5.6E-5	5.6E-4
25500.0	0	5	NaN	175.0	5.490196078431372E-5	NaN
26000.0	0	5	NaN	175.0	5.384615384615385E-5	NaN
26500.0	1	6	35.0	210.0	6.339622641509433E-5	5.6E-4
27000.0	0	6	NaN	210.0	6.222222222222222E-5	NaN
27500.0	0	6	NaN	210.0	6.109090909090909E-5	NaN
28000.0	0	6	NaN	210.0	6.0E-5	NaN
28500.0	0	6	NaN	210.0	5.894736842105263E-5	NaN
29000.0	0	6	NaN	210.0	5.7931034482758627E-5	NaN
29500.0	0	6	NaN	210.0	5.694915254237288E-5	NaN
30000.0	0	6	NaN	210.0	5.6E-5	NaN
30500.0	0	6	NaN	210.0	5.508196721311476E-5	NaN
31000.0	0	6	NaN	210.0	5.4193548387096774E-5	NaN
31500.0	0	6	NaN	210.0	5.333333333333333E-5	NaN
32000.0	0	6	NaN	210.0	5.25E-5	NaN
32500.0	0	6	NaN	210.0	5.1692307692307694E-5	NaN
33000.0	0	6	NaN	210.0	5.0909090909090914E-5	NaN
33500.0	0	6	NaN	210.0	5.014925373134328E-5	NaN
34000.0	0	6	NaN	210.0	4.941176470588235E-5	NaN
34500.0	0	6	NaN	210.0	4.869565217391304E-5	NaN
35000.0	0	6	NaN	210.0	4.8E-5	NaN
35500.0	0	6	NaN	210.0	4.7323943661971834E-5	NaN
36000.0	0	6	NaN	210.0	4.666666666666667E-5	NaN
36500.0	0	6	NaN	210.0	4.602739726027397E-5	NaN
37000.0	0	6	NaN	210.0	4.54054054054054E-5	NaN
37500.0	0	6	NaN	210.0	4.48E-5	NaN
38000.0	0	6	NaN	210.0	4.421052631578947E-5	NaN
38500.0	0	6	NaN	210.0	4.363636363636364E-5	NaN
39000.0	0	6	NaN	210.0	4.307692307692307E-5	NaN
39500.0	0	6	NaN	210.0	4.253164556962025E-5	NaN
40000.0	0	6	NaN	210.0	4.2E-5	NaN
40500.0	1	7	35.0	245.0	4.8395061728395067E-5	5.6E-4
41000.0	0	7	NaN	245.0	4.7804878048780485E-5	NaN
41500.0	0	7	NaN	245.0	4.7228915662650604E-5	NaN
42000.0	0	7	NaN	245.0	4.666666666666667E-5	NaN
42500.0	0	7	NaN	245.0	4.611764705882353E-5	NaN
43000.0	0	7	NaN	245.0	4.558139534883721E-5	NaN
43500.0	0	7	NaN	245.0	4.505747126436781E-5	NaN
44000.0	0	7	NaN	245.0	4.454545454545455E-5	NaN
44500.0	0	7	NaN	245.0	4.4044943820224714E-5	NaN
45000.0	0	7	NaN	245.0	4.355555555555556E-5	NaN
45500.0	0	7	NaN	245.0	4.307692307692307E-5	NaN
46000.0	0	7	NaN	245.0	4.2608695652173916E-5	NaN
46500.0	0	7	NaN	245.0	4.2150537634408606E-5	NaN
47000.0	0	7	NaN	245.0	4.1702127659574475E-5	NaN
47500.0	0	7	NaN	245.0	4.1263157894736844E-5	NaN
48000.0	0	7	NaN	245.0	4.0833333333333334E-5	NaN
48500.0	0	7	NaN	245.0	4.0412371134020616E-5	NaN
49000.0	0	7	NaN	245.0	4.0E-5	NaN
49500.0	1	8	35.0	280.0	4.525252525252525E-5	5.6E-4
50000.0	0	8	NaN	280.0	4.48E-5	NaN
50500.0	0	8	NaN	280.0	4.4356435643564354E-5	NaN
51000.0	0	8	NaN	280.0	4.392156862745098E-5	NaN
51500.0	0	8	NaN	280.0	4.3495145631067965E-5	NaN
52000.0	0	8	NaN	280.0	4.307692307692307E-5	NaN
52500.0	0	8	NaN	280.0	4.266666666666666E-5	NaN
53000.0	0	8	NaN	280.0	4.226415094339623E-5	NaN
53500.0	0	8	NaN	280.0	4.186915887850468E-5	NaN
54000.0	0	8	NaN	280.0	4.148148148148148E-5	NaN
54500.0	0	8	NaN	280.0	4.110091743119266E-5	NaN
55000.0	0	8	NaN	280.0	4.072727272727273E-5	NaN
55500.0	0	8	NaN	280.0	4.036036036036036E-5	NaN
56000.0	0	8	NaN	280.0	4.0E-5	NaN
56500.0	0	8	NaN	280.0	3.964601769911504E-5	NaN
57000.0	0	8	NaN	280.0	3.929824561403509E-5	NaN
57500.0	0	8	NaN	280.0	3.895652173913043E-5	NaN
58000.0	0	8	NaN	280.0	3.862068965517241E-5	NaN
58500.0	0	8	NaN	280.0	3.829059829059829E-5	NaN
59000.0	0	8	NaN	280.0	3.7966101694915254E-5	NaN
59500.0	0	8	NaN	280.0	3.764705882352941E-5	NaN
60000.0	0	8	NaN	280.0	3.733333333333334E-5	NaN
60500.0	0	8	NaN	280.0	3.702479338842976E-5	NaN
]; % Sun Oct 09 19:25:16 CEST 2022
