time[ms],#packets last interval,#packets overall,overall avrg. packetsize [byte],overall sum packetsize [byte],overall thrp [Mb/s],thrp last interval [Mb/s]
0.0,0,0,NaN,0.0,NaN,NaN
500.0,95,95,1159.8736842105263,110188.0,1.763008,1.763008
1000.0,95,190,1129.2736842105264,217469.0,1.739752,1.7164960000000002
1500.0,90,280,1178.8222222222223,323563.0,1.7256693333333333,1.6975040000000001
2000.0,109,389,1153.9174311926606,449340.0,1.79736,2.012432
2500.0,94,483,1120.9574468085107,554710.0,1.775072,1.68592
3000.0,87,570,1249.7011494252874,663434.0,1.7691573333333332,1.739584
3500.0,78,648,1285.3461538461538,763691.0,1.7455794285714283,1.604112
4000.0,86,734,1262.9883720930231,872308.0,1.744616,1.7378719999999999
4500.0,86,820,1333.593023255814,986997.0,1.7546613333333332,1.835024
5000.0,92,912,1063.5217391304348,1084841.0,1.7357455999999998,1.565504
5500.0,86,998,1181.7325581395348,1186470.0,1.7257745454545454,1.626064
6000.0,83,1081,1045.8072289156626,1273272.0,1.697696,1.388832
6500.0,96,1177,1170.0625,1385598.0,1.7053513846153847,1.797216
7000.0,91,1268,1041.8241758241759,1480404.0,1.6918902857142857,1.516896
7500.0,81,1349,1097.469135802469,1569299.0,1.6739189333333333,1.42232
8000.0,84,1433,1165.9761904761904,1667241.0,1.667241,1.5670719999999998
8500.0,100,1533,1160.04,1783245.0,1.6783482352941177,1.856064
9000.0,79,1612,1232.1645569620252,1880586.0,1.671632,1.557456
9500.0,89,1701,1193.426966292135,1986801.0,1.6730955789473685,1.6994400000000003
10000.0,94,1795,995.3404255319149,2080363.0,1.6642904,1.496992
10500.0,98,1893,1154.6734693877552,2193521.0,1.6712540952380952,1.810528
11000.0,95,1988,1096.2736842105264,2297667.0,1.6710305454545453,1.6663360000000003
11500.0,108,2096,1134.4722222222222,2420190.0,1.6836104347826089,1.960368
12000.0,75,2171,1159.1733333333334,2507128.0,1.6714186666666668,1.391008
12500.0,73,2244,1167.0684931506848,2592324.0,1.65908736,1.363136
13000.0,92,2336,1252.25,2707531.0,1.666172923076923,1.843312
13500.0,91,2427,1205.6593406593406,2817246.0,1.669479111111111,1.75544
14000.0,92,2519,1092.6195652173913,2917767.0,1.6672954285714285,1.608336
14500.0,106,2625,1088.9716981132076,3033198.0,1.673488551724138,1.846896
15000.0,98,2723,1257.142857142857,3156398.0,1.6834122666666667,1.9712
15500.0,100,2823,1156.38,3272036.0,1.6887927741935485,1.8502080000000003
16000.0,82,2905,1257.3292682926829,3375137.0,1.6875685,1.649616
16500.0,84,2989,1227.892857142857,3478280.0,1.6864387878787879,1.650288
17000.0,92,3081,1146.0760869565217,3583719.0,1.686456,1.687024
17500.0,86,3167,1148.1627906976744,3682461.0,1.6834107428571428,1.579872
18000.0,97,3264,1219.5463917525774,3800757.0,1.6892253333333334,1.892736
18500.0,85,3349,1183.1882352941177,3901328.0,1.6870607567567566,1.609136
19000.0,99,3448,1191.090909090909,4019246.0,1.692314105263158,1.8866879999999997
19500.0,93,3541,1181.8172043010752,4129155.0,1.6940123076923077,1.758544
20000.0,84,3625,1374.8214285714287,4244640.0,1.697856,1.8477600000000003
20500.0,113,3738,1047.646017699115,4363024.0,1.702643512195122,1.8941439999999998
21000.0,99,3837,1158.3939393939395,4477705.0,1.7057923809523807,1.8348960000000003
21500.0,86,3923,1079.0116279069769,4570500.0,1.7006511627906977,1.4847200000000003
22000.0,71,3994,1104.225352112676,4648900.0,1.6905090909090907,1.2544
22500.0,74,4068,1133.6351351351352,4732789.0,1.6827694222222223,1.342224
23000.0,86,4154,1041.9418604651162,4822396.0,1.6773551304347825,1.4337119999999999
23500.0,84,4238,1191.2380952380952,4922460.0,1.6757310638297873,1.601024
24000.0,90,4328,1217.8333333333333,5032065.0,1.677355,1.75368
24500.0,88,4416,1196.3522727272727,5137344.0,1.677500081632653,1.684464
25000.0,98,4514,1036.8061224489795,5238951.0,1.67646432,1.625712
25500.0,91,4605,1225.3186813186812,5350455.0,1.6785741176470588,1.7840639999999999
26000.0,73,4678,1128.3972602739725,5432828.0,1.6716393846153847,1.317968
26500.0,90,4768,1186.5555555555557,5539618.0,1.672337509433962,1.7086400000000002
27000.0,77,4845,1018.8571428571429,5618070.0,1.6646133333333333,1.255232
27500.0,90,4935,1123.8111111111111,5719213.0,1.6637710545454545,1.618288
28000.0,76,5011,1135.7105263157894,5805527.0,1.658722,1.3810239999999998
28500.0,84,5095,1057.4404761904761,5894352.0,1.6545549473684211,1.4212
29000.0,95,5190,1097.1684210526316,5998583.0,1.6547815172413793,1.667696
29500.0,75,5265,1155.1333333333334,6085218.0,1.6502286101694914,1.3861600000000003
30000.0,95,5360,1163.8842105263159,6195787.0,1.6522098666666667,1.7691040000000002
30500.0,110,5470,1067.5545454545454,6313218.0,1.6559260327868852,1.878896
31000.0,96,5566,1201.5,6428562.0,1.6589837419354838,1.845504
31500.0,92,5658,1226.4565217391305,6541396.0,1.6613069206349207,1.805344
32000.0,97,5755,1111.0618556701031,6649169.0,1.66229225,1.724368
32500.0,91,5846,1075.8351648351647,6747070.0,1.6608172307692308,1.5664159999999998
33000.0,93,5939,1068.3225806451612,6846424.0,1.6597391515151514,1.589664
33500.0,86,6025,1142.4418604651162,6944674.0,1.6584296119402984,1.5719999999999998
34000.0,72,6097,1222.0555555555557,7032662.0,1.654744,1.407808
34500.0,94,6191,1142.5744680851064,7140064.0,1.6556670144927537,1.718432
35000.0,93,6284,1195.1505376344087,7251213.0,1.6574201142857146,1.7783840000000002
35500.0,74,6358,1117.2702702702702,7333891.0,1.6527078309859156,1.322848
36000.0,96,6454,1162.4270833333333,7445484.0,1.654552,1.785488
36500.0,85,6539,1167.2,7544696.0,1.653632,1.587392
37000.0,76,6615,1266.8684210526317,7640978.0,1.6521033513513514,1.540512
37500.0,103,6718,1100.116504854369,7754290.0,1.6542485333333334,1.812992
38000.0,93,6811,1203.4301075268818,7866209.0,1.656044,1.790704
38500.0,88,6899,1032.2045454545455,7957043.0,1.6534115324675325,1.453344
39000.0,101,7000,1131.0,8071274.0,1.6556459487179485,1.827696
39500.0,97,7097,1167.8969072164948,8184560.0,1.6576324050632911,1.812576
40000.0,90,7187,1173.5444444444445,8290179.0,1.6580358,1.689904
40500.0,81,7268,1150.4074074074074,8383362.0,1.655972740740741,1.490928
41000.0,95,7363,1137.778947368421,8491451.0,1.656868487804878,1.729424
41500.0,88,7451,1254.6363636363637,8601859.0,1.658189686746988,1.7665280000000003
42000.0,82,7533,1246.5,8704072.0,1.6579184761904762,1.635408
42500.0,83,7616,1260.6385542168675,8808705.0,1.6581091764705882,1.674128
43000.0,81,7697,1229.5555555555557,8908299.0,1.657357953488372,1.5935040000000003
43500.0,92,7789,1218.054347826087,9020360.0,1.6589167816091952,1.792976
44000.0,71,7860,1181.4366197183099,9104242.0,1.6553167272727274,1.342112
44500.0,86,7946,1196.7790697674418,9207165.0,1.6552206741573032,1.646768
45000.0,84,8030,1223.095238095238,9309905.0,1.6550942222222222,1.64384
45500.0,80,8110,1152.75,9402125.0,1.6531208791208791,1.47552
46000.0,90,8200,1177.9333333333334,9508139.0,1.6535893913043478,1.696224
46500.0,92,8292,1211.1521739130435,9619565.0,1.6549789247311828,1.782816
47000.0,89,8381,1284.112359550562,9733851.0,1.6568257021276596,1.8285760000000002
47500.0,79,8460,1293.1898734177216,9836013.0,1.6565916631578947,1.6345920000000003
48000.0,98,8558,1196.1020408163265,9953231.0,1.6588718333333332,1.875488
48500.0,89,8647,1154.247191011236,1.0055959E7,1.6587148865979382,1.6436480000000002
49000.0,85,8732,1193.3411764705882,1.0157393E7,1.6583498775510204,1.622944
49500.0,79,8811,1240.8101265822784,1.0255417E7,1.6574411313131314,1.5683839999999998
50000.0,77,8888,1153.2207792207791,1.0344215E7,1.6550744,1.420768
50500.0,81,8969,1143.283950617284,1.0436821E7,1.6533577821782177,1.4816960000000001
51000.0,96,9065,1192.1145833333333,1.0551264E7,1.6551002352941178,1.831088
51500.0,92,9157,985.6304347826087,1.0641942E7,1.6531172038834951,1.450848
52000.0,89,9246,1274.426966292135,1.0755366E7,1.6546716923076925,1.8147840000000002
52500.0,91,9337,1107.6483516483515,1.0856162E7,1.6542723047619048,1.6127359999999997
53000.0,96,9433,1210.7916666666667,1.0972398E7,1.6562110188679247,1.859776
53500.0,91,9524,1256.4725274725274,1.1086737E7,1.657829831775701,1.829424
54000.0,98,9622,1244.3265306122448,1.1208681E7,1.6605453333333333,1.951104
54500.0,98,9720,1219.7244897959183,1.1328214E7,1.662857100917431,1.912528
55000.0,96,9816,1098.0729166666667,1.1433629E7,1.6630733090909091,1.68664
55500.0,91,9907,1237.3186813186812,1.1546225E7,1.664320720720721,1.8015359999999998
56000.0,88,9995,1154.4204545454545,1.1647814E7,1.6639734285714285,1.625424
56500.0,82,10077,1174.7926829268292,1.1744147E7,1.6628880707964602,1.541328
57000.0,92,10169,1108.4782608695652,1.1846127E7,1.6626143157894737,1.63168
57500.0,91,10260,1164.1868131868132,1.1952068E7,1.6628964173913043,1.695056
58000.0,106,10366,1142.7830188679245,1.2073203E7,1.6652693793103448,1.93816
58500.0,92,10458,1220.6847826086957,1.2185506E7,1.666393982905983,1.7968480000000002
59000.0,92,10550,1148.2391304347825,1.2291144E7,1.6665957966101697,1.6902079999999997
59500.0,102,10652,1138.578431372549,1.2407279E7,1.6682055798319326,1.85816
60000.0,91,10743,1223.956043956044,1.2518659E7,1.6691545333333335,1.78208
60500.0,79,10822,1219.987341772152,1.2615038E7,1.6681041983471074,1.542064
