%=============================================================================================================================
% Result "total_delay". Sun Oct 09 17:24:44 CEST 2022.
%-----------------------------------------------------------------------------------------------------------------------------
% (0) time[ms] | (1) #packets last interval  | (2) #packets overall | (3) avrg last interval [ms] | (4) max last interval [ms] | (5) avrg overall [ms] | (6) overall max overall [ms] | (7) BinWidth[ms] | (8) Histogram
%=============================================================================================================================
result_total_delay = [
0.0	0	0	NaN	0.0	NaN	NaN	1.0	0 0 0 0 0 0 0 0 0 0 0 0 0 0 0 0 0 0 0 0 0 0 0 0 0 0 0 0 0 0 0 0 0 0 0 0 0 0 0 0 0 0 0 0 0 0 0 0 0 0 0 0 0 0 0 0 0 0 0 0 0 0 0 0 0 0 0 0 0 0 0 0 0 0 0 0 0 0 0 0 0 0 0 0 0 0 0 0 0 0 0 0 0 0 0 0 0 0 0 0 
500.0	288	288	45.25573958333334	168.89600000000002	45.25573958333334	168.89600000000002	1.0	1 1 1 1 5 4 0 6 0 1 2 4 1 3 2 3 2 3 3 5 2 4 3 8 4 0 2 3 4 1 1 2 0 7 5 4 5 5 3 4 4 2 8 10 9 2 6 4 3 8 3 10 9 6 6 4 2 2 4 3 5 5 1 1 1 3 6 2 1 2 3 3 6 2 2 0 1 2 0 0 2 2 1 2 0 2 0 3 0 0 0 0 0 0 1 0 1 0 0 8 
1000.0	270	558	59.13403333333333	611.5649999999999	51.97104301075269	383.09067741935485	1.0	1 1 2 1 6 5 0 6 0 3 2 4 1 3 2 3 2 4 4 7 3 6 3 9 4 1 2 3 4 1 1 4 1 7 7 6 7 9 6 7 9 5 12 17 14 10 9 11 15 12 12 23 16 15 10 10 10 14 10 7 14 13 5 10 6 5 11 8 3 4 3 3 7 3 4 5 2 4 1 0 3 7 1 5 3 2 4 4 1 0 2 1 0 1 2 3 2 0 2 15 
1500.0	291	849	57.41981099656359	1446.469	53.83864193168434	747.5701731448764	1.0	1 1 2 1 6 6 0 6 1 3 2 4 1 3 3 3 2 4 4 7 3 7 7 12 5 5 6 3 6 11 3 11 2 10 10 11 16 23 9 10 21 12 21 20 19 12 12 20 22 14 19 37 23 23 17 14 15 15 13 12 19 21 12 18 10 6 13 10 5 7 8 4 8 4 6 5 4 4 3 1 5 10 5 6 5 2 8 4 1 0 3 2 2 2 2 4 2 0 2 25 
2000.0	287	1136	53.09967944250866	114.74700000000007	53.65194982394365	587.6931919014085	1.0	1 2 2 1 7 6 2 7 1 3 2 4 1 3 3 3 4 4 4 7 4 8 7 13 6 7 7 6 8 11 4 11 4 11 15 19 21 27 14 21 27 17 29 27 24 17 18 26 31 27 23 43 32 30 24 26 22 24 17 20 28 24 16 20 11 7 15 14 8 13 11 7 15 10 8 7 8 5 4 6 5 12 6 6 7 2 8 4 2 0 4 2 3 2 2 4 2 0 3 30 
2500.0	296	1432	50.99376351351353	121.91300000000001	53.10249231843576	491.4146047486034	1.0	1 2 3 3 7 11 3 8 2 8 4 7 2 3 4 3 5 5 4 7 4 8 8 14 6 8 7 7 9 14 11 17 7 13 19 20 26 32 20 26 34 24 32 37 31 21 27 34 44 32 28 50 36 34 31 28 30 29 22 26 32 31 19 25 15 12 18 20 10 17 16 9 17 12 12 11 11 11 4 6 6 13 9 8 9 4 9 6 2 0 4 3 4 2 3 4 2 0 3 35 
3000.0	269	1701	56.329605947955386	135.90999999999985	53.61283539094651	435.1942998236331	1.0	1 2 3 4 7 12 5 8 2 8 4 7 3 4 5 5 6 5 5 7 5 8 9 15 7 8 8 8 9 16 14 21 10 15 23 26 28 41 28 32 39 31 34 40 36 25 31 39 50 39 37 59 45 42 35 31 33 36 28 35 38 35 19 27 17 12 20 24 14 19 16 10 17 13 13 14 12 11 4 9 9 15 11 9 11 8 9 10 4 2 5 4 7 7 6 7 4 2 3 45 
3500.0	280	1981	66.68964642857141	3373.343	55.461147905098436	850.4803351842503	1.0	1 2 5 4 8 14 5 9 2 8 4 7 4 5 6 7 9 6 6 7 5 9 10 15 7 9 8 8 10 18 14 22 14 16 27 26 32 46 35 38 41 36 41 47 42 31 36 48 51 43 44 69 56 49 38 40 42 42 40 39 45 40 24 34 19 17 26 30 18 26 24 12 18 16 15 14 12 11 5 10 9 15 11 11 12 9 9 11 4 2 7 4 7 7 8 7 4 2 4 59 
4000.0	286	2267	64.94206993006998	3602.485	56.65724128804588	1197.6675138950154	1.0	1 2 5 4 8 14 5 10 2 8 4 8 4 5 6 7 9 7 7 7 5 10 11 15 7 10 9 8 11 21 18 25 18 25 33 35 38 54 39 46 46 41 50 58 46 38 42 59 52 51 53 77 61 54 42 44 46 47 48 42 50 49 26 44 22 21 29 35 21 28 27 16 21 20 19 16 16 14 9 10 10 18 11 12 12 9 11 12 4 3 7 5 8 7 8 7 4 2 4 62 
4500.0	270	2537	70.04541851851853	4073.417	58.082076862435954	1503.7188979109183	1.0	1 4 7 6 8 18 6 12 2 11 4 9 5 5 6 7 9 8 10 8 5 10 11 15 7 10 9 12 11 23 19 26 18 26 34 39 39 61 44 49 47 43 53 59 47 47 48 61 60 58 56 86 68 62 49 56 51 54 58 53 56 56 33 47 28 23 33 35 22 32 30 17 23 27 21 19 25 16 11 17 12 19 11 12 13 10 12 13 8 3 7 5 8 8 8 8 4 2 4 69 
5000.0	290	2827	53.689720689655196	145.78700000000026	57.63149911567033	1364.4191984435797	1.0	1 5 9 7 10 18 7 12 2 11 4 9 5 5 7 7 9 8 10 8 5 10 11 15 9 12 9 13 12 24 20 31 24 31 43 43 45 67 54 59 53 51 59 62 54 50 55 66 66 64 60 90 72 68 58 62 60 65 69 57 59 57 39 56 33 26 36 39 23 35 36 23 30 29 25 21 25 16 11 19 13 19 11 12 14 10 14 13 8 3 9 7 8 9 8 9 5 3 4 78 
5500.0	276	3103	52.626880434782606	171.91199999999935	57.18635739606833	1258.3502371898162	1.0	1 6 10 10 13 18 8 13 2 12 4 11 6 5 10 9 10 8 10 9 6 11 15 15 11 14 13 15 16 26 22 38 28 32 50 48 51 74 62 67 56 51 61 63 57 52 58 72 68 71 66 98 78 74 65 71 65 69 75 63 63 59 45 60 36 33 39 43 26 41 37 25 30 30 26 21 25 19 12 21 15 19 12 13 14 10 17 13 8 4 9 7 8 10 8 10 5 4 6 98 
6000.0	294	3397	51.33893197278909	129.94800000000032	56.6802805416544	1160.6904615837502	1.0	1 7 10 10 13 18 8 14 4 12 4 11 6 6 12 9 10 10 12 9 7 13 17 16 13 19 16 17 17 30 25 44 34 33 53 53 55 80 72 75 64 54 67 68 64 62 70 79 70 77 70 103 90 84 74 78 70 75 81 67 66 64 46 67 41 36 42 43 27 42 40 28 31 32 29 24 27 19 13 22 16 21 12 14 14 12 18 14 9 5 9 7 11 10 8 10 5 4 6 111 
6500.0	282	3679	54.466812056737616	121.51200000000063	56.510615384615384	1081.0361190540907	1.0	1 7 10 11 17 18 8 16 4 12 4 11 6 6 12 9 10 10 12 9 7 13 17 16 13 20 16 17 18 31 27 45 38 35 56 56 59 86 76 79 69 57 76 75 71 68 76 88 74 83 79 106 98 88 81 86 76 84 97 78 72 73 53 78 49 39 45 50 29 44 45 31 33 33 34 26 34 20 15 23 17 22 12 15 15 12 18 14 9 5 9 7 11 10 8 10 5 4 6 116 
7000.0	286	3965	77.47473776223781	6715.880999999999	58.02278158890291	1487.483946532156	1.0	1 8 11 13 18 21 8 17 4 12 5 11 6 6 13 10 10 13 13 9 8 16 19 16 13 20 16 17 18 31 29 46 41 37 58 63 65 89 85 85 72 64 80 78 80 74 81 91 80 92 86 112 107 96 91 90 82 91 104 87 80 88 58 82 50 43 50 55 30 45 48 32 36 38 38 30 34 20 16 26 18 22 12 17 18 15 18 14 9 5 9 7 11 10 9 10 5 5 7 126 
7500.0	279	4244	79.6399569892473	6828.965	59.443891847313864	1838.6322061734213	1.0	1 8 11 15 20 21 8 17 4 12 5 11 6 7 13 10 10 13 13 9 8 16 19 17 14 21 19 22 23 37 34 48 44 43 63 67 70 92 90 87 77 66 86 82 89 80 86 94 90 99 91 118 111 100 95 96 87 97 107 98 84 96 60 84 57 50 58 60 35 50 49 34 41 40 40 31 36 22 19 26 19 23 13 18 19 18 19 14 9 5 9 7 12 10 9 10 5 6 7 143 
8000.0	284	4528	77.60298239436618	7595.272	60.58284540636043	2199.693535998233	1.0	1 9 11 15 21 23 8 17 5 13 6 13 7 7 15 11 13 14 15 10 10 18 23 18 16 22 21 23 25 41 35 53 54 48 66 74 75 95 95 97 86 69 90 85 91 81 93 101 97 105 97 129 116 102 102 101 93 100 109 101 92 103 64 88 62 54 63 63 37 53 50 34 45 40 42 34 37 23 19 27 20 23 13 20 19 19 20 16 9 5 9 9 13 11 10 10 6 12 10 153 
8500.0	281	4809	54.59514590747328	164.61599999999999	60.2329715117488	2080.7796687461014	1.0	1 9 12 15 22 26 11 19 5 13 6 13 7 7 15 11 13 15 18 11 10 20 25 21 19 24 23 27 25 42 37 56 59 54 69 77 79 96 97 98 91 74 96 90 97 87 105 108 101 115 103 134 121 114 111 103 103 102 116 108 102 108 71 92 64 57 65 66 39 55 50 34 45 40 42 34 37 23 19 27 21 24 15 22 20 20 22 16 10 8 10 11 16 11 11 11 7 14 11 173 
9000.0	261	5070	58.57987739463605	147.9390000000003	60.14787140039447	1981.2784035502962	1.0	1 9 12 15 23 27 12 19 5 13 6 13 7 7 15 11 13 15 18 11 10 20 25 22 22 25 25 28 28 45 38 59 61 56 72 81 79 100 101 100 97 80 101 93 106 91 110 109 103 117 108 135 126 118 113 108 111 111 128 118 111 115 79 100 75 62 69 69 44 57 53 34 47 43 43 35 39 25 20 30 23 27 19 26 20 21 22 19 10 9 10 11 17 12 11 12 8 15 14 182 
9500.0	282	5352	55.185209219858116	171.08200000000033	59.88638583707025	1885.8980997757849	1.0	1 9 14 15 24 27 13 21 5 14 6 13 7 8 15 11 13 15 18 12 13 21 25 23 27 26 27 30 32 50 40 61 64 59 79 89 85 108 110 106 101 85 108 100 110 98 117 114 111 125 110 140 132 121 118 113 116 116 129 120 112 121 84 104 75 63 72 73 47 58 56 37 50 43 47 38 44 27 23 30 27 30 22 29 22 22 22 20 11 9 10 11 17 12 11 12 9 15 14 203 
