time[ms],#packets last interval,#packets overall,overall avrg. packetsize [byte],overall sum packetsize [byte],overall thrp [Mb/s],thrp last interval [Mb/s]
0.0,0,0,NaN,0.0,NaN,NaN
500.0,288,288,1014.4375,292158.0,4.674528,4.674528
1000.0,270,558,1100.2555555555555,589227.0,4.713816,4.753104
1500.0,291,849,1017.8213058419244,885413.0,4.722202666666667,4.738976
2000.0,287,1136,1051.9268292682927,1187316.0,4.749264,4.830448
2500.0,296,1432,998.1756756756756,1482776.0,4.7448832,4.72736
3000.0,269,1701,1109.899628252788,1781339.0,4.750237333333333,4.777008
3500.0,280,1981,1069.2464285714286,2080728.0,4.755949714285714,4.790224
4000.0,286,2267,1033.402097902098,2376281.0,4.752562,4.728848
4500.0,270,2537,1112.7592592592594,2676726.0,4.758624,4.80712
5000.0,290,2827,1004.648275862069,2968074.0,4.748918399999999,4.661568
5500.0,276,3103,1073.177536231884,3264271.0,4.748030545454545,4.739152
6000.0,294,3397,986.0884353741496,3554181.0,4.738908,4.63856
6500.0,282,3679,1064.599290780142,3854398.0,4.743874461538461,4.803472
7000.0,286,3965,1040.5734265734266,4152002.0,4.745145142857143,4.761664
7500.0,279,4244,1070.7885304659499,4450752.0,4.7474688,4.78
8000.0,284,4528,1035.475352112676,4744827.0,4.744827,4.7052
8500.0,281,4809,1074.085409252669,5046645.0,4.749783529411765,4.829088
9000.0,261,5070,1117.655172413793,5338353.0,4.745202666666667,4.667328
9500.0,282,5352,1037.0531914893618,5630802.0,4.741728,4.679184
10000.0,293,5645,999.3412969283277,5923609.0,4.7388872,4.684912
10500.0,290,5935,1017.7586206896551,6218759.0,4.738102095238095,4.7224
11000.0,281,6216,1042.9395017793595,6511825.0,4.735872727272728,4.689056
11500.0,290,6506,1006.9758620689655,6803848.0,4.733111652173913,4.672368
12000.0,269,6775,1101.8438661710038,7100244.0,4.733496,4.742336
12500.0,276,7051,1051.1014492753623,7390348.0,4.72982272,4.641664
13000.0,270,7321,1129.8962962962962,7695420.0,4.735643076923076,4.881152
13500.0,279,7600,1058.831541218638,7990834.0,4.735309037037037,4.726624
14000.0,280,7880,1056.2571428571428,8286586.0,4.735192,4.732032
14500.0,290,8170,995.748275862069,8575353.0,4.73122924137931,4.620272
15000.0,282,8452,1065.6241134751774,8875859.0,4.733791466666667,4.808096000000001
15500.0,287,8739,1009.2857142857143,9165524.0,4.7305930322580645,4.63464
16000.0,281,9020,1061.950177935943,9463932.0,4.731966,4.774528
16500.0,271,9291,1086.8081180811807,9758457.0,4.7313730909090905,4.7124
17000.0,287,9578,1047.3379790940767,1.0059043E7,4.733667294117646,4.809376
17500.0,291,9869,1026.9621993127148,1.0357889E7,4.735034971428571,4.781536
18000.0,287,10156,1044.212543554007,1.0657578E7,4.736701333333333,4.795024
18500.0,291,10447,1019.4329896907217,1.0954233E7,4.736965621621621,4.74648
19000.0,269,10716,1093.2267657992566,1.1248311E7,4.736130947368421,4.705248
19500.0,285,11001,1043.778947368421,1.1545788E7,4.736733538461538,4.759632
20000.0,261,11262,1123.1379310344828,1.1838927E7,4.7355708000000005,4.690224
20500.0,287,11549,1011.8327526132405,1.2129323E7,4.7333943414634145,4.646336
21000.0,275,11824,1087.7236363636364,1.2428447E7,4.734646476190477,4.785984
21500.0,288,12112,1040.9652777777778,1.2728245E7,4.736091162790698,4.796768
22000.0,293,12405,1013.6518771331058,1.3025245E7,4.736452727272727,4.752
22500.0,290,12695,1016.3379310344827,1.3319983E7,4.735993955555555,4.715808
23000.0,290,12985,1018.3275862068965,1.3615298E7,4.735755826086956,4.72504
23500.0,274,13259,1073.5255474452554,1.3909444E7,4.7351298723404245,4.706336
24000.0,290,13549,1018.8241379310344,1.4204903E7,4.734967666666666,4.727344
24500.0,273,13822,1083.838827838828,1.4500791E7,4.734952163265306,4.734208
25000.0,298,14120,1002.98322147651,1.479968E7,4.7358976,4.782224
25500.0,272,14392,1069.3970588235295,1.5090556E7,4.7342920784313725,4.654016
26000.0,283,14675,1063.0035335689047,1.5391386E7,4.735811076923077,4.81328
26500.0,279,14954,1032.899641577061,1.5679565E7,4.73345358490566,4.610864
27000.0,287,15241,1034.0836236933799,1.5976347E7,4.733732444444445,4.748512
27500.0,281,15522,1034.6903914590748,1.6267095E7,4.732245818181818,4.651968
28000.0,286,15808,1041.6013986013986,1.6564993E7,4.732855142857143,4.766368
28500.0,281,16089,1054.3238434163702,1.6861258E7,4.732984701754386,4.74024
29000.0,280,16369,1023.4035714285715,1.7147811E7,4.730430620689655,4.584848
29500.0,274,16643,1080.7737226277372,1.7443943E7,4.730560813559322,4.738112
30000.0,274,16917,1094.0766423357663,1.774372E7,4.731658666666666,4.796432
30500.0,289,17206,1023.2387543252595,1.8039436E7,4.731655344262295,4.731456
31000.0,278,17484,1051.1043165467627,1.8331643E7,4.730746580645161,4.675312
31500.0,276,17760,1089.4963768115942,1.8632344E7,4.732023873015872,4.811216
32000.0,284,18044,1032.855633802817,1.8925675E7,4.73141875,4.693296000000001
32500.0,279,18323,1069.4444444444443,1.922405E7,4.732073846153846,4.774
33000.0,297,18620,1005.3164983164983,1.9522629E7,4.732758545454545,4.777264
33500.0,287,18907,1043.6480836236933,1.9822156E7,4.733649194029851,4.792432
34000.0,286,19193,1045.7517482517483,2.0121241E7,4.734409647058824,4.78536
34500.0,282,19475,1043.9148936170213,2.0415625E7,4.734057971014493,4.710144
35000.0,284,19759,1051.8028169014085,2.0714337E7,4.734705600000001,4.779392
35500.0,307,20066,964.3094462540716,2.101038E7,4.734733521126761,4.736688
36000.0,288,20354,1012.7916666666666,2.1302064E7,4.733792,4.666944
36500.0,287,20641,1030.2578397212544,2.1597748E7,4.73375298630137,4.730944
37000.0,274,20915,1072.029197080292,2.1891484E7,4.733293837837838,4.699776000000001
37500.0,298,21213,987.6845637583892,2.2185814E7,4.7329736533333335,4.70928
38000.0,285,21498,1023.4140350877193,2.2477487E7,4.732102526315789,4.666768
38500.0,301,21799,990.4651162790698,2.2775617E7,4.7325957402597405,4.77008
39000.0,291,22090,1001.3230240549829,2.3067002E7,4.731692717948718,4.66216
39500.0,281,22371,1076.4199288256227,2.3369476E7,4.733058430379747,4.839584
40000.0,290,22661,1009.2827586206896,2.3662168E7,4.7324336,4.683072
40500.0,295,22956,994.5559322033898,2.3955562E7,4.731962864197531,4.694304
41000.0,298,23254,997.1879194630873,2.4252724E7,4.732238829268293,4.754592
41500.0,268,23522,1133.2164179104477,2.4556426E7,4.733768867469879,4.859232
42000.0,274,23796,1083.7080291970804,2.4853362E7,4.733973714285714,4.750976
42500.0,273,24069,1065.4322344322345,2.5144225E7,4.7330305882352945,4.653808
43000.0,280,24349,1072.9142857142858,2.5444641E7,4.733886697674419,4.806656000000001
43500.0,283,24632,1057.6678445229682,2.5743961E7,4.73452156321839,4.78912
44000.0,272,24904,1093.7389705882354,2.6041458E7,4.734810545454546,4.759952
44500.0,277,25181,1082.5162454873646,2.6341315E7,4.735517303370786,4.797712
45000.0,285,25466,1060.4947368421053,2.6643556E7,4.736632177777778,4.835856
45500.0,285,25751,1045.7929824561404,2.6941607E7,4.736985846153846,4.768816
46000.0,284,26035,1041.0352112676057,2.7237261E7,4.73691495652174,4.730464000000001
46500.0,281,26316,1074.405693950178,2.7539169E7,4.737921548387097,4.830528
47000.0,278,26594,1047.269784172662,2.783031E7,4.737074042553191,4.658256
47500.0,268,26862,1125.910447761194,2.8132054E7,4.738030147368421,4.827904
48000.0,278,27140,1054.453237410072,2.8425192E7,4.737532,4.690208
48500.0,285,27425,1035.8456140350877,2.8720408E7,4.737386886597939,4.723456
49000.0,273,27698,1097.857142857143,2.9020123E7,4.737979265306123,4.79544
49500.0,277,27975,1093.9891696750904,2.9323158E7,4.739096242424242,4.84856
50000.0,274,28249,1060.6423357664235,2.9613774E7,4.73820384,4.649856
50500.0,277,28526,1059.9711191335741,2.9907386E7,4.737803722772277,4.697792000000001
51000.0,276,28802,1082.536231884058,3.0206166E7,4.738222117647059,4.78048
51500.0,312,29114,941.6538461538462,3.0499962E7,4.737858174757282,4.700736
52000.0,281,29395,1053.7224199288257,3.0796058E7,4.737855076923077,4.737536000000001
52500.0,282,29677,1046.3652482269504,3.1091133E7,4.737696457142857,4.7212
53000.0,280,29957,1042.7821428571428,3.1383112E7,4.737073509433962,4.671664
53500.0,279,30236,1063.989247311828,3.1679965E7,4.737191028037383,4.749648
54000.0,274,30510,1068.697080291971,3.1972788E7,4.736709333333333,4.685168
54500.0,283,30793,1046.7173144876326,3.2269009E7,4.736735266055046,4.739536000000001
55000.0,284,31077,1061.225352112676,3.2570397E7,4.737512290909091,4.822208
55500.0,277,31354,1083.8158844765344,3.2870614E7,4.738106522522523,4.803472
56000.0,276,31630,1065.177536231884,3.3164603E7,4.737800428571429,4.703824
56500.0,285,31915,1044.378947368421,3.3462251E7,4.738017840707966,4.762368
57000.0,282,32197,1062.8900709219859,3.3761986E7,4.738524350877193,4.79576
57500.0,276,32473,1046.7572463768115,3.4050891E7,4.737515269565218,4.62248
58000.0,285,32758,1049.6947368421052,3.4350054E7,4.73793848275862,4.786607999999999
58500.0,281,33039,1071.7081850533807,3.4651204E7,4.738626188034188,4.8184
59000.0,277,33316,1088.5487364620938,3.4952732E7,4.739353491525423,4.824447999999999
59500.0,279,33595,1057.6702508960573,3.5247822E7,4.739202957983193,4.72144
60000.0,282,33877,1051.9645390070923,3.5544476E7,4.7392634666666655,4.746464
60500.0,276,34153,1071.0217391304348,3.5840078E7,4.739183867768595,4.729632
